18682
10379
3182
11400
4510
21224
11694
6381
18609
15336
20755
4785
4637
12159
2562
16264
18986
16750
8592
2636
17548
5820
1086
19118
8913
4380
17384
2824
17476
9011
16315
7479
21147
19017
8347
19652
12704
16213
10952
5912
16447
10721
17931
1707
191
14750
4032
618
15520
992
210
170
7844
3430
19954
14591
17555
3841
15702
181
10968
1212
13698
10384
16377
5807
9860
8161
5049
15342
22187
2612
20492
2420
20119
6624
9113
16427
3066
18403
5842
13090
4205
16670
17406
3135
1796
18738
1260
15042
19769
975
17166
8436
13300
18683
834
16319
17417
13692
20008
21296
16925
17382
11837
2404
5318
21082
15798
4339
16159
15942
382
8906
7795
5253
2322
12611
6426
10356
20666
6778
18661
4949
16317
17136
7697
8649
5229
10626
13207
2944
9609
7466
13541
10366
594
18902
21987
19788
19252
1113
17003
22058
20642
6073
5880
13750
9669
9522
4341
12218
3645
21229
14843
9019
12584
2431
19641
1823
10266
11946
9672
6109
9086
7908
5552
3784
6796
19085
6730
11952
20363
21286
8765
18151
924
14674
1794
13202
14695
21088
10372
16960
13872
17452
13544
20551
10239
8510
2817
12965
11291
14037
20511
16605
19233
13038
1598
4817
8480
3329
16225
247
5038
1229
1802
4143
2318
19949
9210
19845
7673
20813
258
10426
10447
21804
14514
3116
15334
7653
9407
422
5502
6606
8105
9967
20136
5001
16629
4452
21755
1333
7330
2151
16505
5745
21704
7882
2643
8549
8785
11129
8019
7065
4497
65
16762
2744
9013
13380
3601
3435
15238
8081
385
5250
4555
4050
12425
454
9017
19277
6538
5136
7780
20227
17588
20801
3165
11546
8708
10200
11396
12569
17794
4262
13109
882
15728
21873
21510
16438
9651
3382
15080
17748
8401
21970
9777
13254
19419
8805
8162
10770
824
4821
12711
9776
20814
7692
18075
3708
6954
5002
15736
8229
14179
9524
8944
19900
7075
7097
3262
8723
5728
8886
16390
6997
5903
2504
2083
14521
4440
15859
2288
12268
6756
21690
2301
11968
2045
2972
3935
300
17440
2279
20172
10851
6237
8181
11654
15190
13897
2872
6367
20995
3741
14423
1568
6406
2325
11836
20858
8794
4268
8505
1278
15564
18519
17087
15061
21721
15981
16008
9579
1997
8313
7786
15828
10072
19334
5568
16358
11782
21650
4547
11867
18401
7565
17540
2220
17767
5534
20106
18200
21201
19917
19897
4788
18966
12344
11071
4965
15959
47
3875
19200
9073
18835
9728
1906
20279
2170
12408
5889
11693
7005
19339
12640
10011
6861
5330
16295
5486
22221
20956
19375
8576
5022
11072
13255
661
6987
10614
13652
2114
14444
4666
17085
6147
3895
21843
5528
7233
8619
13986
15551
15806
15716
12494
20107
9302
15679
14641
3300
3561
9488
21905
9700
6591
8819
11840
17013
18493
14505
14905
9823
9514
12248
19043
7870
11975
16199
45
6362
8486
5350
7774
8156
16992
672
18405
21568
10339
20175
7945
8895
7557
10031
7214
17879
17064
16527
12700
14637
8349
8003
9792
20292
15426
14370
3203
15611
4766
6934
13975
20122
10120
1329
6464
6914
17346
8983
7966
9170
12582
9936
21978
4639
21302
14952
15569
6953
10580
21816
16200
583
5610
17856
10487
5112
21094
11577
4709
13421
19143
8582
1901
11005
4831
12258
12238
1339
21406
10727
10096
14813
14342
17356
4845
2015
10988
10167
3196
8443
19338
17457
4798
20960
4169
865
2675
15983
19880
17562
9069
8861
5364
20078
1013
2810
4896
1692
13022
6303
13268
6818
20440
8876
8516
4796
14964
12206
11575
19588
21032
13752
18829
12781
4658
1528
21410
18601
7276
6046
20668
3706
14463
7539
19587
11753
11919
22150
21677
12892
1599
14617
12016
15332
19451
9132
1049
10604
8190
7928
2240
1817
7875
3223
2389
12103
21016
19794
5570
16874
3581
21470
9147
4088
10588
10557
21099
4973
16122
11847
20912
13686
15741
21546
14667
2379
10668
1771
1289
8106
14802
8041
21562
14820
4043
10469
6632
15289
4524
10019
14009
5524
19298
9901
4081
7819
20355
14946
17978
4802
5756
13747
13365
19546
1564
1892
19884
1268
20341
17374
21441
15480
1216
21711
14050
1574
14839
8307
10983
4230
2193
17768
9957
13510
9831
3923
3899
19706
3110
1401
15449
9162
17779
13893
21605
19965
9711
13729
4808
15835
6889
9657
5910
20643
8311
15609
7282
16969
13543
13739
10124
5741
9097
10439
8384
5289
18929
1934
7488
5593
21759
5186
4735
20134
12057
4252
372
15294
6329
3390
15810
2753
16564
21033
12135
7218
14737
9487
15814
9239
7148
17671
9775
4972
12352
17954
471
2985
7913
14333
14149
14414
21077
6590
6055
786
462
1579
16204
5918
9928
20982
1745
16862
13552
3308
8224
12678
16493
7545
11043
21424
14534
13601
323
12421
6340
13069
17453
11489
1916
8792
18587
18482
21034
8322
4275
20359
5747
1774
2751
21325
10534
8138
14882
2092
20276
15149
1420
9763
9721
13926
10630
388
18432
14161
19712
17027
6418
8180
14941
19358
6572
3253
10462
16692
12395
19242
19724
20790
20112
7435
10945
11416
6656
17998
904
16262
6357
6770
16804
1101
11972
6785
11953
16248
8550
7271
17310
21369
11110
7444
12702
714
3356
14524
13182
21932
1712
21326
6955
20337
22204
11454
4412
7884
17425
16412
20224
8099
7537
9620
18796
11381
6588
19535
3939
10215
19109
6627
1578
8561
18606
16316
21638
16367
4790
17107
4319
20911
10367
11648
17811
15333
21233
125
6620
20132
9916
19161
19701
8202
21021
4768
20779
16643
15616
8843
6114
1427
14395
6167
20120
4408
11442
16887
17379
21714
17921
1658
9644
19540
11020
4335
1523
11945
5733
3881
7174
4246
13895
8986
12229
4173
8145
7468
17952
3162
12917
3517
19008
6460
13155
2746
21724
10064
3500
20978
17681
20336
14263
12282
16206
5115
3230
6874
21629
4333
22151
21797
21010
14945
9941
14368
12056
2978
19573
17343
3268
7532
8396
15453
17817
20208
4602
14402
18962
19080
3149
19096
21854
18826
5179
18371
16741
19771
1932
6069
2475
7772
11065
9599
4454
13956
13894
7791
3914
6759
17635
10678
19313
19828
7460
14718
2003
3210
18160
2673
18778
19984
5635
7167
17243
9202
10621
4654
970
8770
6868
12656
12981
6084
17
9225
14110
10126
4622
14286
11469
11330
8256
21014
4574
3720
19366
19859
18496
10059
18847
17621
4923
22197
16343
10420
11668
17200
17658
15874
22124
22143
8403
19699
15642
4253
16441
6485
3834
19763
8940
18998
11083
4541
21333
18582
9038
5836
16653
18460
22188
7983
17837
13607
8046
953
189
14460
6189
1984
567
11942
18635
7306
17259
3008
21845
19613
5096
13554
8263
15225
5881
14034
3437
16375
8410
12251
2289
16233
10490
9326
16451
2917
337
3621
1654
14374
18338
6823
5262
5539
8194
12660
9760
8373
6094
16942
11678
2547
3305
16986
1362
922
17566
4276
12152
16805
17842
6878
4646
8427
2598
10768
8405
17791
2715
5078
20708
4763
5517
15789
15017
4909
833
17009
9255
21458
9746
877
2507
10868
7825
21841
134
15737
20319
2147
15098
2376
7034
4099
2769
12573
11864
19593
13100
17220
7874
21665
19122
9961
11441
17595
14217
3340
18892
333
18930
848
11716
8833
18839
4731
2239
12281
17039
5218
17309
477
3564
733
12741
22209
16761
845
6520
5934
18253
5310
9139
11380
4863
18581
8062
13318
2736
12519
8690
4317
21803
17014
19681
14312
21671
10999
9984
752
20241
11059
15235
16774
18837
2770
9301
15431
11233
3853
7480
4419
15130
21571
634
14731
20003
739
3285
22088
20373
18785
7417
5122
16983
15925
802
9423
1677
7864
15587
18758
11061
8115
6539
6814
13054
17624
14961
292
16374
736
18184
7602
7737
20735
22190
19455
8417
3697
1054
16011
14419
10759
5067
4849
15606
10036
17651
11901
20810
8618
8274
8919
161
1945
14107
9968
971
849
3772
19300
13757
7815
964
6044
6490
10118
13195
16988
9800
5133
4617
13617
21444
12903
2852
17602
6897
16767
7430
12920
21067
10532
16906
21884
2791
14826
19964
20562
13549
17033
14697
228
4835
12198
20887
17673
901
15540
16955
13553
13046
14052
4660
12309
19361
9858
4221
2153
8281
21402
2040
11305
5090
21085
16890
20534
19795
16270
8838
18752
2473
3989
6035
10912
9699
15629
8889
15984
21218
21234
18717
3030
25
21446
20702
7039
5647
20688
6324
8018
6123
15254
4952
17623
12931
13000
2373
1883
957
19002
11310
15689
19961
10827
10718
20695
13471
18390
7664
11685
2344
16894
7188
21578
10486
7160
591
12996
1323
1679
12586
2902
5941
3112
17806
10300
16870
17255
10772
15358
10220
17917
15049
5236
3549
12583
15723
18887
9799
8887
13910
11130
11996
14024
16078
13575
14983
8567
14871
6973
16909
1830
3885
15058
3294
21087
9451
5556
18318
6643
11552
22139
14638
9072
11598
11069
10192
4874
5313
4844
1544
9134
6738
2523
11645
20344
11073
7292
1838
22163
7478
17164
12706
2568
18693
423
1246
2260
19364
10056
10908
12877
17975
6203
1968
19126
8272
21502
21545
6314
5070
11634
17934
13126
18463
3318
614
7246
13199
254
15896
15145
14593
13443
14196
20347
7971
14710
21844
21270
20110
15316
12065
3892
20832
8828
4047
5064
1298
14727
190
9390
17380
13258
8291
20223
16982
1287
1037
11501
19564
18767
2207
1440
2447
8438
7465
11750
15626
3550
14868
1898
14926
12009
6122
14730
19378
4495
6125
747
21958
20303
7584
7362
13372
21950
7523
5514
21954
4051
18675
2899
10497
14441
20931
3843
17123
26
15454
18182
818
10892
2740
5722
11822
9495
8049
17057
18084
15192
16791
3716
20228
15165
7008
16746
1609
5203
5259
19410
17399
10350
17302
2848
15879
11518
13914
7596
19671
1204
3925
11655
8599
14159
9504
13816
4619
19308
10242
14539
19922
4168
3480
5916
11279
805
7604
16320
18337
11616
2188
383
29
4859
6839
3404
3
2741
18223
10528
22121
16582
6328
6076
8590
2786
2943
19843
6829
11376
19482
11959
12283
1977
9630
8239
8637
13174
81
21560
10205
1154
7062
2351
14181
15376
21626
3488
3251
13996
13803
13518
11109
6455
837
4608
1980
5323
3020
7585
11851
10483
12510
12979
19100
4804
421
7009
19748
13662
15802
19073
12570
10540
10764
8375
14069
3924
15429
14564
18271
21809
13749
2143
3442
14506
2102
21654
20591
10425
12646
18968
17722
15307
3651
5942
12944
19974
764
776
20294
6201
14118
4496
12589
490
1773
19461
2020
13669
8345
10224
4925
9556
19463
9815
4155
8294
18032
4199
369
10362
6945
12018
10623
18061
18241
20508
5559
5173
9628
820
2881
17361
12242
17389
18143
16013
4048
879
577
4128
3143
14634
12356
12317
17515
18700
14044
13732
14787
11861
16919
4150
18988
20606
18082
19345
787
8500
13338
13333
13834
9235
14582
1426
7351
17881
22172
21486
8039
9344
21871
20537
712
5636
12950
3870
13885
215
6064
16182
2696
3968
18619
18518
6876
11828
7106
21538
22052
15484
13534
6657
3111
8646
19738
10982
13528
12962
15800
298
12182
6547
21378
8826
2940
18851
13912
19440
7063
20560
14346
6742
11638
10357
8714
7834
8669
950
20980
10206
13723
17712
15402
12111
19102
21820
20641
12668
17827
20782
13094
2186
9393
9380
15986
7135
14760
20183
12703
13394
12350
18040
5591
11675
12210
9316
2552
14401
7918
2130
10510
10889
11455
16125
14457
17049
12189
17775
9253
18121
3941
13624
4171
4559
18832
11721
6282
1792
37
5761
21390
21946
1302
6048
6646
19400
4509
18799
313
4868
3284
2077
11544
6277
8659
4371
516
5892
21352
15877
3281
6638
10651
10931
9788
14425
19462
20652
8353
12652
18413
4770
2588
2333
3901
6137
11057
7338
3662
11075
22027
11087
15590
8211
2979
19092
13845
7817
12080
13898
11956
10442
11036
4706
18978
16855
2011
6287
14847
17769
12526
18880
2660
2748
16562
14913
19249
18989
20133
8139
510
15105
18099
1495
435
19196
18201
7660
4125
12830
121
7429
1358
18763
15696
19515
15755
21608
17988
176
4178
21751
19850
6393
22060
21340
20870
11877
17956
1231
1082
15430
11481
4751
7951
1534
2911
19605
14229
13830
10919
1567
18478
7016
2146
1442
5603
5933
12102
9035
16446
21480
6817
12516
15721
18175
9278
1020
21448
12963
9405
14086
12041
6755
21756
2216
12110
19784
10166
2548
8664
14474
638
4471
8543
18333
19801
8511
18026
18412
17723
14745
18416
13804
10456
10840
13489
7077
15850
9350
4369
2168
12077
19874
15055
15998
13929
5681
14880
2663
18345
18950
701
4737
3886
4373
13476
4747
18434
21808
14367
8283
2345
19195
5580
7195
18429
18410
3766
16378
1281
14415
15738
3986
17600
20097
3815
22192
2224
4620
11256
15582
16594
17260
17525
9827
6732
9636
16458
20375
16330
16624
9214
18624
20841
10728
5926
17691
19019
15584
19554
16572
2013
19175
14063
12435
12809
5297
6281
8920
9135
6774
5102
20962
4473
574
8507
1219
2669
13387
21438
2089
12380
6179
6327
21906
8472
21764
2710
11393
7359
17695
5449
2125
14323
10373
16432
8564
5871
16744
8473
20322
12371
6206
1583
2261
727
14124
847
17610
19896
16961
15708
9428
9593
4107
4321
11751
6782
19028
560
1732
11144
10246
10245
17805
5280
20055
15291
10634
21203
17506
16489
6020
1557
4308
8984
5106
18811
6066
18095
21403
10210
3104
11702
12508
15839
21594
10022
15393
10012
5719
18515
20095
17355
3475
17714
14094
9469
1972
8020
13370
4587
14981
1734
7089
16838
12812
10097
2993
5402
20020
21922
8043
18737
13086
9735
19893
18309
11325
18301
19439
1218
1813
14119
6221
12161
6843
612
10334
14306
20300
1430
18306
19460
5644
8100
21184
878
8613
4098
13877
20920
11141
4705
20407
17821
9854
6582
15805
8118
14315
3674
11662
12428
10175
7308
21579
766
2849
8811
20632
12384
486
14917
17144
16277
4997
9484
2613
21675
15607
8554
12867
2397
7136
17959
7748
1025
19503
20401
13865
13266
959
21213
3890
7138
17598
5238
12561
15113
2211
16146
9171
211
5645
12891
14221
10984
11211
7121
16366
17997
3794
11718
20160
13655
11571
320
1569
5984
13854
9687
20129
4445
8596
4627
3280
8824
11767
13849
3240
1877
825
7120
1857
2977
1509
7102
19067
7222
1631
16840
12629
2165
3931
6378
7935
17451
21299
21177
3339
6841
8547
4584
8894
13436
6865
21366
9643
649
20610
21898
19658
1644
9381
5527
780
6239
9222
678
1236
8922
2079
18008
19697
3156
16255
4400
1872
4702
8533
7684
20840
19222
9341
15361
281
4976
888
7266
6374
4616
9068
10667
19138
13220
3336
15717
18869
656
8602
16192
1137
2860
8093
8040
16885
7093
415
10816
10007
327
13423
21705
14515
3331
16837
11855
7176
1306
7802
7671
17941
19363
12177
9803
19662
13133
18510
11241
11542
997
2586
21264
21411
21380
6667
6931
9695
5414
2277
12263
19678
12747
15526
17781
9105
9944
8915
19509
7829
9459
8133
1827
4726
4801
9732
14605
6291
4544
18824
11896
4225
17436
34
521
12838
16723
11699
14985
4931
12563
18840
21435
1071
11948
10825
7127
15404
16871
8898
2829
6533
10611
12121
5441
20703
16001
20411
8545
20273
13794
12081
4393
14831
1809
10569
16866
4216
15639
4749
8424
4803
7564
5849
16046
15841
13967
11283
19915
5245
7432
16891
2135
12537
14749
11358
13242
1221
1847
11955
20501
13028
9058
9254
19736
20718
13535
13861
14354
9726
12737
14018
20919
4577
61
1963
399
11011
19385
2931
8150
6088
13957
14974
11092
18769
20628
19772
4953
9877
14121
16781
3349
16985
22196
10295
2046
19594
11866
5834
3343
18370
16223
16772
9095
6571
8197
20864
21567
20295
5089
4304
5328
1549
647
5109
22166
20451
8463
2816
16018
11302
14651
4118
3964
1541
1199
20149
6113
11540
17741
20090
15657
14284
2626
2383
13227
2928
8535
12259
159
1688
14536
20732
4599
10552
11759
11368
6845
11554
1755
16964
7414
9042
12581
11695
15204
3583
13087
1478
21993
18777
801
6583
5891
11453
17862
8836
9047
6828
13610
2893
5256
22008
758
537
4383
19754
10863
11785
13515
17559
20548
14998
6030
21501
10904
17337
3604
743
4553
3873
172
6768
12185
15820
1374
11816
11419
12474
15101
20022
20984
10625
13307
9913
13846
9490
8923
20791
3157
19033
12022
9030
4501
20769
20041
1466
5207
19395
1356
7871
16352
7760
18894
20846
9623
12641
16002
12734
6950
13296
3171
11417
8971
8978
607
13364
5938
16929
9076
4687
17573
19852
20650
12935
14709
5853
6784
14428
15442
8477
17643
5024
1436
10248
1552
8047
18226
21770
11404
19990
18408
4505
5128
197
3126
6584
16137
16417
19684
637
8452
12382
9475
11899
7300
16551
11876
13691
2470
20987
16856
9299
4459
3537
12933
7205
17090
21269
10389
20566
6976
6098
10249
18779
11118
3874
11219
6679
10331
20928
12850
14975
14454
3511
9456
7741
19786
6798
15265
14798
4645
4120
20584
16086
6196
9550
16647
1225
9442
1969
14238
2041
5144
11603
4396
3055
9602
21268
21587
16617
1396
11242
15532
18797
12784
6009
15764
783
19980
10279
7422
16867
7431
7105
21855
20040
18319
3187
22028
2058
21133
6059
4669
12164
21250
4807
11566
9323
6979
11885
1942
2723
5845
7761
15000
21163
4234
17567
3737
42
17037
14189
22218
20414
3704
21985
8756
11105
3184
2364
4003
417
503
21773
17101
342
11480
14761
11806
11776
9397
6927
20942
4476
21528
20144
18574
10537
14735
17439
937
6948
4860
14754
20324
20816
16133
1201
16899
11183
16633
20937
3023
19409
18262
5139
7425
8116
16868
13183
3263
15766
16293
751
21852
19858
18973
18363
10684
5960
17754
16386
9272
16518
3951
4827
14977
905
18399
8097
16678
6553
8196
16655
19230
9400
18904
11431
9678
12207
20729
12003
16037
19488
5088
15687
4124
7331
16614
4500
12771
7524
9648
1772
7847
8518
8954
15704
4458
4950
20542
19411
8574
11338
977
13342
18485
17749
18461
2773
18279
7686
2442
14131
19194
1084
15468
3471
15970
8580
11474
21769
7113
17117
18886
18351
12347
1704
16141
175
13523
21465
9165
7204
10163
15269
5814
16852
12929
9145
7472
14584
20996
2672
12574
12231
17734
2255
17480
14234
1566
11153
2743
17348
13168
5315
9991
13678
9379
20114
21519
5888
7957
17854
1151
1481
21749
13309
5993
10717
21096
12866
18774
19959
6380
12691
7360
8598
1317
4443
11223
18971
6219
2910
214
16402
12683
9761
5509
16510
21811
5541
5239
9679
17424
7203
12878
900
2269
8873
1145
3457
3949
19514
19680
5409
21187
775
11466
7288
20030
15140
6401
7558
3857
13473
10452
1696
10590
19314
15813
18359
410
3370
3530
2647
2313
2712
11553
2352
19211
13053
11827
18296
10932
6444
20417
7575
2324
19757
11120
10438
12803
11344
18150
19864
5099
11103
12841
17021
9895
6594
18256
13097
3431
2490
965
18663
20168
14916
13682
13191
12325
2282
8733
19939
20898
6108
5968
10395
9670
3846
17104
6037
12082
12953
5762
14317
1091
10204
4060
18330
13504
1737
13711
12066
7107
19145
11462
1189
1422
5535
4598
14355
10173
17803
12086
12778
8051
8233
21712
1223
12666
9582
9689
18982
12108
84
9891
18048
9797
7482
3415
5829
17824
12237
15935
973
11056
11339
17785
9981
10888
9297
3807
2458
13674
6107
20288
14690
6509
10080
17098
14800
1355
19908
21670
2691
13120
4311
10495
12465
5326
13797
16112
2483
12012
3416
12690
10114
7517
13746
540
1588
20879
11229
5461
17680
17636
6140
8209
14386
16598
11150
343
12353
3740
10774
8318
8241
17772
15840
5763
2574
6443
19433
16287
1057
17929
20140
16467
21920
15175
20503
20147
16973
149
17685
9915
15762
9149
18678
21368
6399
2555
3289
17315
11738
11095
5770
18520
5381
9191
4750
18567
16599
895
18943
744
19187
3173
14257
8339
5134
17496
3257
16538
1353
17964
19228
7119
1029
4516
14873
1923
7989
20713
5110
2479
530
14321
10378
22078
5548
2296
14249
1904
5958
6593
18849
13981
10283
5696
13146
7973
2500
6549
4094
10567
12393
12365
9778
2063
17258
5543
7441
11739
7170
15318
16517
10746
16495
17501
15091
2544
13779
1410
20675
21536
5661
18996
22039
11271
13221
16987
21282
13742
5971
9661
13160
13433
20340
4631
8848
15583
16944
8645
14337
5588
12447
6223
11649
7642
10327
13119
14017
17398
20397
2137
778
5478
9640
6757
14906
12104
16116
9681
4213
15853
8844
17939
17927
5954
20681
7501
3201
3498
1581
5816
6400
7797
16092
1456
22097
20016
20653
11337
2694
16675
4994
7745
5597
11440
5927
4147
12524
5145
16296
14990
12829
15706
12211
3321
15003
3502
56
10957
8600
312
1966
18343
6130
4427
9875
21492
1470
18830
20699
16348
3776
6249
19877
10383
10924
11260
11077
15897
20104
1594
20734
11794
3749
13325
9889
4366
13127
19112
16773
6384
12475
7215
18792
11468
16479
14452
16504
9332
6202
11903
2144
702
10735
10305
14164
4299
6882
9057
10541
18118
18544
8536
9414
4386
10020
5874
16719
16085
17074
6283
9310
10848
18525
19447
4250
18197
17120
2326
16196
3506
11306
9712
2159
12114
12419
15199
5937
3745
19981
2221
19379
1539
16734
2529
13600
11636
2309
22065
6698
7462
3455
3758
6280
2894
20571
1862
9386
20914
5872
16608
10079
11463
10606
15135
9238
17205
1742
11803
5718
11502
13071
11168
20745
12533
16428
19404
17047
3573
11622
16087
8420
11978
21396
3236
11937
10222
17971
18096
20193
7763
15123
12124
20268
4474
20605
366
2937
13150
19442
2027
9054
8891
14378
14226
20470
12926
5216
2897
7458
10575
18153
16882
1841
13475
10587
13452
6331
16101
75
1861
6790
10023
7071
2984
18742
4885
10518
3320
7522
7332
3122
18273
20050
15321
7230
13555
5974
17264
12023
13654
5759
10677
21777
18732
1415
9851
19891
18794
8371
8234
1886
13547
3075
18913
16735
19770
11354
13743
8492
19418
21319
5508
13675
16257
1793
11259
19809
19816
15444
14901
17887
827
6716
7868
4488
17006
8593
15158
40
2265
21980
16728
12483
20045
17245
2180
836
1325
10219
5155
4891
12067
20245
16497
13186
7110
16980
8525
4131
21065
5710
18023
10780
11435
20925
4540
4006
11117
12607
14446
1149
7260
14000
16931
6938
9466
9821
3040
9020
20205
14585
11881
6503
2316
1389
21660
10338
3817
683
13580
17312
969
12255
7549
19155
18454
11701
18433
21824
4721
14588
10951
15157
1007
9826
4182
6990
9503
8045
2254
9160
13539
18275
703
14074
6353
15315
3649
8748
12448
12234
20255
12051
9837
21015
20768
11962
4219
14002
10123
10644
21118
12687
6092
4767
14832
1304
19975
4181
7058
13301
20765
4591
759
20207
1508
17121
15661
10081
17661
3010
3458
4816
9159
5225
9983
2591
7187
9786
2611
20531
16120
13763
13027
16799
3490
5164
20541
10419
16738
18813
7823
198
13596
7185
21426
653
1288
386
13269
21059
15515
17198
1205
15596
14183
232
7709
18247
16344
6422
9737
9435
3208
21112
9595
9021
5771
4814
2171
16696
20021
17850
11427
18127
1052
864
17922
10387
20141
5631
13648
1237
17353
12128
5415
8918
14388
3426
4298
13117
12389
17519
16355
17154
12623
7895
10108
4193
7392
9406
10386
14830
19035
15304
5035
14862
16841
1917
17601
16694
1491
12565
7917
12033
17213
18615
8753
21322
5369
7906
4324
6688
12260
17032
17443
14752
8364
11098
13989
4640
5585
19982
2126
6272
1683
8633
4407
16835
11506
12743
12991
8939
21144
16519
4688
1126
10558
3077
14326
8503
3176
10835
7832
15580
21661
16796
13225
4561
15767
3942
11830
11035
11124
2100
14279
16096
21537
18196
21914
11115
13645
15857
5147
21418
15435
19569
10992
1192
4322
13482
18502
14933
3152
11275
12058
10506
6247
14466
3761
1960
21371
14442
5584
16444
20828
3029
15788
10451
6053
7708
10231
7216
11023
9645
20639
3529
9208
1404
9509
13460
3756
21818
4494
13366
15549
22022
6885
6377
1143
11178
7676
5406
12980
13118
21055
7529
21819
19861
15854
16131
22220
6032
12620
7412
16253
18733
21236
10226
19032
9638
15417
4036
22066
2140
3559
1129
963
7857
861
2403
10040
3867
19670
14654
5962
14477
12515
13721
14758
15988
7173
6682
4653
20258
6091
16754
11018
3717
20156
19241
16231
10310
3015
15327
6665
8063
22009
3183
19659
3960
9173
5867
3996
18918
20431
3922
3944
1024
10511
15325
18445
3398
8639
21484
17222
16580
21972
21275
17045
2391
92
7566
17549
15683
6668
274
8604
8104
15691
19216
6642
17317
1533
20038
4055
2526
16329
5437
8109
14101
21376
14325
21553
4851
20051
16844
5532
5854
21350
10466
6762
7561
16924
6172
2934
21389
3865
9946
10344
13666
4108
19343
20151
7459
35
16508
11199
5936
18554
10814
16860
6791
1760
5521
14051
4347
3027
12559
817
10291
5214
20428
17694
6197
21373
11228
1349
1364
8111
4650
15029
10958
11491
20649
18965
20519
21238
9806
16875
12220
15494
20737
989
15524
4675
20159
12881
3748
18356
11467
1250
8289
8628
14553
16237
6929
10221
307
17812
15919
1853
9769
12986
1808
12592
15104
19743
21344
3209
2342
5614
13164
8034
12442
13442
6674
7587
3087
11884
21494
9633
9754
7556
7294
209
21462
20758
3845
3093
9555
12729
4661
12598
691
17965
866
21663
19581
11411
1613
9256
16191
9886
7002
16815
4086
7648
1764
2228
13212
13905
19657
9884
14359
2000
14228
1262
2399
16429
21360
9748
7242
14072
4376
14025
16857
19055
14859
18152
18702
3114
21907
2172
7149
7885
2408
19257
21202
13630
19807
18505
6144
11173
5410
3654
16641
8276
1740
12685
5669
13813
21098
20477
6595
13706
4940
3887
17797
10075
3838
5978
13851
21002
15556
113
20476
11146
15695
10001
6676
14027
17839
4340
7940
13282
12027
3456
11475
9354
3953
365
11766
20597
1519
21744
14065
19713
8011
13959
15712
7812
14548
13772
1017
7544
4643
8226
17035
5005
18173
16083
12126
1048
1226
5590
1753
17892
12578
17218
18164
9817
16759
14141
16923
13073
13411
19979
3808
14884
319
1601
1155
2864
88
2828
12323
2927
13274
12388
15293
20896
17409
18100
2932
16579
8704
21305
11947
16997
10228
16902
6687
20797
7150
17721
7427
1897
9319
4172
16771
16768
14062
326
5791
6968
18848
588
11039
17777
685
17481
19583
1933
11737
8902
6552
20812
20521
13290
2259
12751
12367
11624
6045
17158
9994
18560
22219
11874
4388
10616
5976
9668
1623
10412
17641
10622
11292
22193
9361
11019
9146
11722
17666
20543
19823
10742
3091
19263
11789
19902
20876
10404
10635
1393
7698
6208
16346
2742
7477
21198
16703
9880
16935
15119
5373
5433
1023
17385
13665
21214
12633
4850
18617
18218
4410
3773
10160
10293
12200
3629
12008
19234
14007
16452
22128
12744
8680
4847
9315
199
18039
13378
8534
18905
17448
7379
10345
18764
18952
9893
4112
16140
20651
105
11226
5700
12441
21801
20975
2444
6857
14762
11470
18934
17759
314
7464
3732
13462
6077
16064
14114
17329
14098
22041
10196
15380
18766
11108
974
1611
8609
17387
10936
11516
5566
13388
17208
1163
4905
17619
5374
14959
17267
5823
9243
14165
16187
6022
17388
15709
8697
19374
3788
13782
8192
8026
5961
7804
13111
11002
6306
7027
6830
10715
3406
8616
2156
940
19793
21524
15575
7325
9460
315
21701
19941
5764
21456
5291
19901
4285
9450
12247
2052
2445
10513
9163
21939
6684
12786
19246
5500
1277
2839
3454
2167
17672
15528
8676
2683
3666
18193
15595
14844
3577
20714
10572
3211
10690
21657
15233
1111
3907
2099
1398
4786
4954
4100
14633
12019
14947
9153
13083
20738
19494
5439
9743
6566
14778
13005
17165
15024
1589
10368
10481
9955
10891
10632
6334
13176
13357
3177
8707
3373
4562
3190
15636
8299
18926
2915
21001
4525
10504
4151
14715
5361
21274
12679
13592
9963
11074
3341
14136
6466
13392
2874
18827
17225
18
4919
14903
12746
679
7969
20853
4781
12032
3095
6453
21750
5782
18867
18967
5059
12858
21185
7056
21303
5947
18802
18566
22109
2412
5894
17876
20321
20335
19694
19518
6235
15490
8245
15217
8755
14447
13836
8096
8885
9246
13618
21643
16500
9445
19430
6318
18263
21758
9226
8059
10925
17170
20803
5848
3552
8701
16475
5340
1789
9954
21563
14411
9828
6951
11534
12993
5465
12039
17344
6041
11535
9252
8648
21870
10478
16908
16548
16284
11989
20302
15279
18725
267
20316
16967
2509
18005
10390
6816
14504
7285
15774
945
15913
11977
11765
12001
20267
12053
14640
6360
7390
7542
12279
2981
17832
15451
3524
1628
5141
17896
54
14893
1431
2435
4927
8763
4228
9789
21399
20762
14885
16388
6469
13469
12227
7788
18054
13376
8529
6956
16361
8731
18495
13135
5075
15523
20544
6685
14486
6907
15757
13020
10737
21076
13493
14914
16175
17063
20595
9125
15858
5929
3628
527
7535
19565
16294
2054
2550
16529
14175
9421
5040
11537
12697
15102
13663
7076
2844
20872
16090
13029
19434
7704
7582
16245
9425
8969
9625
16003
6481
13653
2957
5178
8402
430
7701
8450
6890
9749
4368
16920
7467
20555
1123
19152
4156
11215
16050
5595
21849
18997
2183
8881
16135
3494
4612
10484
5000
8266
20594
8530
21640
7384
14476
58
5608
1075
5264
13439
10713
14493
15795
12498
9234
10901
12769
2374
19989
7290
20775
16914
11844
18509
12028
16577
7067
8058
3463
21173
20716
10985
9505
13348
14366
17007
13361
11116
17195
2073
10977
12709
21713
2790
22073
15281
18025
16461
3384
499
1880
9307
13777
11617
3983
15962
1162
4695
22175
12427
15625
4271
8528
18939
123
21929
2484
4811
21490
999
21791
7415
14450
20494
21548
13572
21035
10164
6352
2298
17460
15930
11262
8494
14135
619
8514
17799
14801
251
2511
10121
7304
5159
17864
414
11882
10349
15559
21172
21171
534
9676
10556
3069
12664
14661
886
14006
5185
13770
14298
2767
14177
16974
8508
1452
19165
19341
18860
18406
2029
10494
16338
20484
9680
16523
22081
4720
19831
8980
21935
3612
14289
5999
14380
8304
3364
15692
21081
18112
17143
11754
1657
15147
12638
2560
9976
15615
16299
16303
5939
16035
6767
6193
20517
4384
7313
10548
22161
21068
605
5413
21942
21367
19756
12870
6429
8761
22195
19456
6078
21592
18756
6120
21351
16033
16335
17841
6126
11243
18543
14856
20301
7646
11395
8501
10549
19695
20834
17100
5056
16672
10068
1608
19014
17561
961
8657
7368
4745
4586
19425
16881
8295
1910
6135
19631
21029
11676
8565
15710
20419
13843
14626
3936
18131
7665
6431
8219
12630
7059
14670
8213
4023
6423
20944
6269
16581
16450
19937
14053
8346
4754
19356
633
1837
710
859
15918
13114
20068
3735
2400
3516
13076
80
4273
8465
17639
6932
4987
7490
13448
4192
3011
19572
11573
13284
1699
12948
15415
3799
3247
11991
9010
15142
12005
7333
2185
9617
2825
13574
2065
6134
11334
2320
3910
17320
14285
17465
6159
14352
15019
13223
1153
7278
5869
6298
13425
13451
18477
875
19654
8793
19624
10252
19058
8930
8837
7548
17708
12482
3088
2290
7419
15069
13004
6232
13724
5684
5391
6026
11349
3961
4463
6993
5209
16847
4402
2809
8692
9540
7715
2514
2272
12037
5652
21493
10824
1947
21061
19813
6217
15635
16310
2078
8350
12414
259
19914
1203
20968
12394
2055
15475
11234
14013
19319
14491
5520
20824
18540
11029
7356
7335
11038
2549
3351
20065
8351
16449
1354
2256
13735
7354
13754
5425
10535
1538
18803
9979
11744
12791
3292
236
13970
15189
9060
18719
5004
20659
1795
17147
3366
15313
3948
21918
82
18963
18261
8358
5679
10794
5058
9567
7824
18805
13335
7627
20587
2072
16930
5660
9338
16015
9892
5157
7952
13896
2677
13946
12545
14921
9300
21231
22153
16051
16994
4881
10933
19983
5015
19354
10322
22146
20943
9790
7667
19132
3096
21786
10088
19199
21838
4195
10875
12805
6541
9569
14772
724
5129
3891
11182
13532
1046
74
19060
14268
10719
13222
21817
5981
18596
18798
3801
15366
18213
10312
10685
18372
4426
164
17042
16413
5383
5034
6040
14527
5249
6848
14743
18488
9154
14763
19516
3947
2795
11031
5426
14899
11266
7526
790
17048
11172
4564
6075
3945
11778
21427
14812
16845
16203
5607
3319
1781
2492
14202
8823
7510
3290
4787
7231
208
20692
15672
1488
3041
7172
16097
737
3477
14817
10858
15392
20382
9688
876
19810
15777
5685
4139
13951
2991
4899
21289
13077
14153
14353
4375
4010
10491
12764
11347
5518
17402
11706
10038
3825
12894
6726
16628
6930
21737
17575
18541
8762
22194
49
12123
11423
13659
4208
17118
2358
252
1397
19799
13427
12087
4167
19508
17911
16474
9965
7156
12780
13390
5878
19792
17475
7162
19408
12402
12879
17286
15467
13998
8044
20648
8321
5137
13725
16524
9284
3770
14361
9023
3139
7666
819
8670
17335
5549
8200
3940
19120
20317
20789
17521
16260
21348
7904
536
9413
15338
6681
6619
17606
4668
18331
7041
11887
21422
1634
8469
16026
1424
10939
19936
7521
11450
9765
7852
10032
11856
20926
7861
8752
9062
10396
5184
11581
2654
20609
18877
11769
6522
1116
2987
17025
15915
6018
18565
14150
22135
7959
2401
10771
1469
18316
8627
12900
17901
8475
4040
3032
15670
20842
16387
22229
22012
4360
2334
6156
8855
21722
9964
13955
15230
6612
19951
11296
8991
20777
19836
17157
1072
8740
13275
15727
6243
9415
11643
12148
10142
1558
17968
4154
6813
21785
2206
810
8830
11346
19584
8698
10063
1477
8655
17483
5800
15884
12078
4069
11139
1486
14146
8393
1653
5036
5303
15633
21514
17835
18227
95
22215
15228
5076
17526
8222
19185
21116
19327
12438
12118
6971
13647
10546
9990
630
11123
17305
2124
19517
16488
8749
5840
12378
5275
7193
10473
12088
16532
16420
3869
10165
20158
6131
18367
6866
15719
10301
5998
6723
9563
1018
6573
9026
6962
9483
350
4928
20378
13173
3220
692
13246
9066
425
18820
6338
11409
7011
19153
523
2867
11465
17512
7385
19912
5905
13099
8802
9292
9652
19998
18536
12984
20773
18534
17846
11055
5367
17331
10066
21652
15162
2808
18751
5359
7114
478
17687
17168
21532
10854
18179
18368
7253
15448
19046
6751
7838
22020
9624
10397
1484
3145
20820
12162
750
1695
295
20178
2360
1507
9448
10812
11859
9584
2501
7978
12907
6560
17464
17529
14662
4161
1766
19510
10708
19267
19729
17888
18360
7192
21217
12176
4379
19123
10410
15749
4057
2278
21631
2038
11135
7776
12517
8303
5691
11811
3234
12178
19201
3615
16956
7072
4982
5062
11929
1016
11579
15997
8102
13326
16113
20623
7691
20380
21754
15637
19740
1119
7894
11756
5027
11326
838
9519
4121
14558
21205
6959
1555
10744
10037
1293
4097
392
9454
5389
9048
3946
16407
10190
13336
12798
16208
18577
11498
15872
20947
9751
2505
19057
14551
2036
22132
7461
2332
20981
6347
18052
12773
19470
22002
7953
1392
5997
926
9352
21625
19090
4610
1267
12140
3956
19048
2152
6271
17358
14431
4530
15263
10682
19963
9723
13546
693
1779
10975
575
21695
8386
20105
6634
13363
18264
13736
4287
12840
3100
2879
7923
6705
13299
10539
8015
4889
10003
19779
4359
17283
21853
20645
4498
12122
3261
9693
3394
14935
7800
16928
20167
14471
17976
2857
18070
7720
21589
749
4672
16212
10129
14163
9281
10696
5695
722
3600
9177
7436
1542
7777
8990
17115
5117
7413
20885
15093
19020
3424
10653
19940
20711
14783
5114
13911
456
5882
5290
7357
4793
21740
7706
10967
13142
9958
15248
9251
21239
7943
21127
20939
7010
11610
8228
5852
1846
17563
8901
3225
2380
4778
8581
15860
6604
7726
17646
16363
2587
21152
19759
21746
5273
13267
4930
20039
4392
3918
2607
15654
19848
11276
11445
4133
21798
4122
8916
10428
7574
2104
14293
19994
15821
18230
5212
16235
7236
2700
4248
2189
18956
18953
21792
17664
16291
11958
370
9185
17131
6695
2244
13879
9591
12816
9570
21723
13231
12692
832
2524
4560
734
1638
18753
13095
4635
15729
5082
11024
6651
14656
20807
16589
6166
3657
13224
13213
7605
6899
15025
2730
708
15488
2670
4434
11154
10216
13137
18128
1762
622
5748
2202
21405
1269
13979
15169
8973
17937
13404
19279
8803
15408
6157
21783
15425
20578
18155
3194
21878
9174
6451
5531
18933
13060
11424
11316
20315
9306
10934
7650
1666
13184
1441
257
19458
21645
18969
16895
1582
5400
18293
5746
3920
11034
18172
21123
12265
13562
5154
17089
12919
15682
17745
6551
21294
4988
16398
7877
17982
18334
10286
12770
16780
6413
22203
5274
20627
21596
15485
19478
3380
17229
3698
18809
13315
3265
21290
10870
12662
21535
216
2336
17370
5940
6027
4674
10920
3274
12399
8880
17334
8850
2801
19764
10140
9934
20936
13157
12364
10701
8847
16499
17986
1099
14248
10650
19742
17760
17614
13850
12169
14624
6492
4506
19179
14578
3677
9486
12385
118
19618
7554
9731
565
19397
11067
5107
10271
8742
13188
10722
9914
8343
3204
18300
17728
4832
11185
4773
10112
14890
14191
14022
2926
14313
8771
15172
1445
8073
2986
20644
11094
9334
19968
9596
16743
4910
8672
13328
7049
9843
10602
6555
13434
5031
760
1909
11583
12789
19700
19006
489
7394
11703
5657
10662
13878
2517
11704
15099
14320
3544
21159
2330
18585
4164
19452
19920
19253
1036
17169
11375
21692
8352
17185
670
14351
16850
14242
19473
16394
15870
4777
13828
14048
720
14907
16732
20425
8933
21729
842
13131
13680
13613
5251
10612
2357
13997
4110
1385
17951
2363
9802
12199
4026
12594
8801
6664
1881
13477
17958
22049
2356
8788
17253
17969
15310
18180
5492
11536
10101
18815
15852
21527
363
6205
8597
17949
10808
12518
16802
21388
9374
12844
11774
9446
5923
12030
11689
2402
3399
8122
16553
16095
18946
14218
12536
9402
16775
18170
4879
11264
18056
18322
7773
3985
1197
13106
15474
18189
11198
22140
18993
12759
7475
20146
1344
5269
19474
7801
8399
4022
1026
17967
17138
17224
14235
3401
13459
8610
16595
15339
1918
20166
4053
6442
6486
1077
13848
11659
18735
138
19490
2804
7949
6475
16108
11214
375
14307
14494
5299
19647
3016
20860
331
13399
17654
10111
3493
17368
6677
1563
9902
2895
3007
15073
3757
4550
17960
8154
11497
13205
14850
21425
4990
6457
8720
13923
9290
14492
21967
1971
15613
4618
10689
20646
16531
11572
18576
15302
19357
18277
5906
18327
1230
17072
5195
7612
16422
16921
21909
2531
17564
18292
21165
13571
21585
7896
5668
18007
2432
21793
6039
10536
7196
13778
16195
7141
20214
10740
16707
9325
2779
2827
17404
14138
7337
19972
284
9410
14482
21497
1312
18921
3142
12669
1803
10299
2302
9868
8853
11414
19656
10600
9201
9037
1487
19037
9959
20565
18304
6636
19911
8362
4020
6141
1336
20087
11729
15863
8775
3019
17626
2845
16401
10034
14748
3800
12802
21151
19459
12811
569
12305
15410
12818
6800
8033
11273
15715
7937
13808
3692
8208
15466
3802
15367
15353
16082
13824
15949
4915
3691
19832
3622
9822
14322
12684
8746
3489
6173
17109
10702
11294
5278
3750
15917
8877
17433
15640
4093
4035
4215
21423
10151
6175
10997
11054
6407
18636
3138
18423
1864
9865
14949
21308
8178
5470
487
16332
18775
156
17416
15252
11320
14610
12132
8214
12195
15250
104
13963
15311
12521
2969
19507
12587
19290
15792
9181
17188
3827
18407
14569
1761
5183
21413
20048
21008
8243
7147
13764
654
8205
3778
10243
22030
17304
16638
4823
7899
17500
10050
14875
3363
730
7078
6019
17537
13922
4572
7469
452
2718
21004
21767
8075
6325
16272
17688
1182
17953
1550
6234
18168
18666
18380
8959
18284
8334
19264
1915
13496
21961
7866
11732
3242
7048
13819
13928
20618
19501
11943
10555
4378
20634
18562
3710
19739
7030
624
21637
21913
21261
12426
6344
20188
11402
10927
18876
2679
8238
16031
5653
18708
7473
3605
18706
22093
4085
16996
19164
541
10400
6188
6639
1751
1515
16309
17823
6034
11323
8460
7958
1752
1867
892
4740
13167
2317
2096
22095
17325
475
8899
8734
18795
7985
15125
16587
4980
13705
676
9441
10918
12215
14318
10071
18194
8388
21866
21833
7550
14970
1320
14456
3694
9667
22103
9398
11390
400
15215
4447
1490
17698
16709
15110
4350
10726
3428
5714
17167
12860
2843
628
1033
13513
10568
15107
19628
15909
7186
13595
12180
20174
16414
14827
19562
6977
14129
14980
563
8265
3422
11979
434
14314
19256
4942
21398
5625
15326
4249
6220
9289
9115
17783
4137
21974
7220
18975
3496
3044
6921
16509
4613
238
20308
1087
6379
19436
13791
15793
4715
7718
13587
16115
14400
1586
8067
9318
14675
3113
795
20486
10787
16072
19302
13821
6288
13668
12434
5379
16995
1911
17617
5598
3425
18539
17866
13447
11443
1663
735
9969
20952
5571
16941
9491
4409
5285
10122
3150
21442
11762
17199
5890
9129
182
2251
15817
5032
3051
17219
12566
19829
597
21933
8216
237
914
10103
934
16004
18220
3660
6148
15124
5699
12975
17491
1411
20854
2294
20818
14443
13991
17740
11177
19113
1088
3570
1718
2947
7693
11353
8896
10753
13882
5717
8961
18431
13263
9138
19476
9161
16700
12905
12376
17528
12727
16783
1043
8
19198
12661
419
17350
19027
13899
13385
3291
12845
13856
8387
17699
2982
17226
15610
21851
5194
6564
15733
4893
12725
17739
10876
1927
4579
4089
11270
19353
10703
17774
8114
7796
6414
19258
2685
3916
5686
5832
20413
5801
12291
5781
3896
6903
3793
8909
9003
5068
255
13008
22117
9736
19056
12244
14041
9962
6038
1851
16054
5902
12713
5991
460
10828
17324
14145
7905
21343
11829
16455
7827
18590
10049
7365
420
5175
2300
13982
12842
10184
13287
557
10805
1639
12274
15461
360
4748
9839
10150
21518
21329
12618
12738
9654
7151
10709
3932
972
13556
14507
20298
3785
1222
12601
18388
17479
20128
19818
20280
13823
8798
3590
8066
14439
14495
8171
19704
19744
2708
11760
17702
6856
10029
12308
2198
6187
7846
21576
5352
17568
4589
22006
12079
11934
21278
1135
8409
11784
7140
16742
4573
10053
18286
1831
4554
20728
9462
17689
5162
7789
16405
2370
13908
21687
21565
22111
16503
17299
19210
15027
1995
4270
4592
2814
12619
15277
16755
1976
6190
15014
3018
5796
18384
5248
8070
5602
9808
9190
20661
3246
15957
11985
14704
15950
10281
14404
12342
7547
21757
17450
8572
6666
19733
5265
15095
18818
1939
4034
5444
21131
5463
3578
10941
11365
10893
19781
985
9938
3314
16583
19970
21196
13352
620
8517
5808
6174
5875
14204
13276
12318
9075
7163
8832
11484
22007
13068
7255
11657
12038
17498
17903
8912
20466
11647
7408
13551
18395
3755
8203
3323
4493
1305
5921
7910
15136
13383
8862
18470
20115
22134
10769
20447
12688
18022
20445
14560
6871
16522
2630
18664
8361
20154
3980
3159
16834
9921
5510
16174
2887
21300
18511
4405
329
4914
124
2441
3487
6946
21210
20845
8195
2525
6887
15350
16168
18204
11394
9811
11062
5712
1937
8911
12205
19789
1214
10766
9986
21051
4813
12271
8779
18910
20017
16448
20727
19101
1076
15103
11114
5187
906
18145
11986
4902
8127
4515
11642
10516
21245
7439
4890
5321
11809
11613
17709
5314
21858
10914
16184
13002
10051
10025
22042
2184
2233
17114
14571
17160
14436
21093
20886
9762
6641
13320
12749
15234
6740
14430
21327
9774
981
10691
20047
8945
1334
15652
9416
13050
6364
17274
16640
8330
6242
7043
397
9738
21618
16827
1775
18219
5819
18896
1703
6941
11514
20261
3083
6771
20070
788
15838
13730
17518
1038
2534
7372
20961
5697
14659
18097
15071
16118
17813
5445
14266
15044
19910
19960
8907
14455
19154
14259
18436
19803
3125
19559
20763
17111
11452
3342
13144
16718
2627
9933
4415
10415
3655
1127
14262
5545
2138
16668
11230
5009
6714
4428
18171
10308
148
7117
14942
18355
5468
9493
14747
1080
12999
18045
13578
21316
20006
21262
6266
7981
10743
5683
1560
17802
12137
14650
21330
4797
16951
11045
10641
272
2409
18003
520
17265
2450
1702
15052
5026
10640
14781
14223
233
19177
18132
12529
2616
16027
9571
2461
16060
19389
11434
16173
4061
16263
20482
6089
18165
207
17135
13070
18453
15976
6567
12166
15934
12689
9218
12245
12450
11308
1587
18350
20253
13870
9497
1701
10148
1381
20600
20310
19520
12106
17836
5211
22025
15227
21485
12196
20092
9853
180
11696
17040
6411
3436
14647
20059
18949
10328
1014
18383
12276
5870
10530
12875
21748
4004
15194
21583
10729
1166
18524
18727
662
7538
8348
21105
871
18212
14550
445
12174
15734
3303
21593
15769
3389
16009
15796
11824
15340
1131
18573
20567
261
21312
18529
2941
19976
19741
15963
6895
11567
17700
4295
11091
8252
13673
8064
13727
16549
8759
11191
925
2561
17622
13671
6227
19278
19734
9756
9395
6392
231
13649
4843
11392
21642
9482
9559
15842
10823
20108
17126
18677
11932
17502
15904
7206
17296
11604
4820
14936
20453
17306
2022
21504
13538
18995
13699
3512
5671
7639
12406
1173
13947
5943
6795
66
7037
14978
6766
20306
6124
770
17757
4264
21988
8493
17378
13303
21387
13407
16970
7636
12851
2519
205
12828
2876
10
9364
21040
9205
1724
19286
3235
15216
10706
7607
11350
13818
13412
7317
8163
11312
18614
1562
4302
21064
6699
14166
11671
18723
1176
12502
1788
12264
9650
3421
18924
20958
21079
19484
16221
19176
19899
3982
1975
3847
684
18782
8083
11050
8521
18078
9727
9733
11388
9404
9767
13703
18670
3328
11128
10609
2545
21349
3906
2448
12617
21559
330
20194
17546
946
1957
5189
3545
6171
20522
11366
13932
19805
7314
502
7293
20368
321
9850
11799
17403
17332
13014
10822
10435
1280
3267
8795
10247
9211
12659
9349
3038
11825
11629
22159
1365
19894
12597
7283
17432
11580
9558
19627
18857
15939
19577
22154
11796
18958
12296
18588
19783
15889
1402
10450
17874
5738
21460
7092
2870
10119
20497
13684
11111
5907
8153
19428
15978
19050
18419
18440
18116
14469
22136
16105
20150
4985
19853
15955
10716
4565
5254
446
8675
16392
7277
5346
9618
6067
16389
8989
13485
137
10267
13251
1871
22035
8512
7853
13234
6290
9975
21664
20698
16306
11715
77
10169
12717
21874
16812
13187
13042
16271
17637
17187
16712
7311
22148
13215
20458
18030
7956
7560
2593
20199
6806
18920
46
16984
15164
6662
13291
12329
20014
9373
19696
14085
18418
2139
5349
8758
7239
20031
16024
10287
16593
2192
9766
18252
12007
1008
4450
3690
8250
22162
3036
9585
12075
17059
2750
12949
14410
4966
21899
14769
9745
19453
1893
15403
6838
3107
7790
20954
12834
9408
11304
18761
8017
9535
11909
19063
17012
5755
8987
15207
7828
16937
21943
7830
6402
7111
2275
916
4243
16934
16487
655
5182
17447
2051
5176
1756
20592
18484
5815
10596
19550
14660
7274
20951
4065
19131
10637
8061
1308
3967
19886
19844
1244
19519
19775
3026
16369
11148
15618
19529
6330
11993
1034
21372
21561
16765
17869
8184
9106
15509
11712
10972
18755
15953
20930
1776
1931
17923
19387
17151
13758
21136
713
19722
9836
22125
15473
364
13082
6071
2191
5715
12544
10155
18724
14648
19487
12896
8962
18948
857
9734
4284
10559
14858
20192
17122
6169
13550
11384
10430
3648
7180
4482
19275
6799
3672
2024
13081
20897
1271
5948
9438
13902
10887
13031
12340
5605
3943
15697
11367
18138
10202
16903
3483
5826
11933
15212
18305
12298
2454
16362
5776
17386
19558
21702
4197
10008
13156
15259
12507
22001
6274
9111
437
1689
1584
18776
7402
10926
3819
21355
5788
1165
21496
15081
10467
1546
3485
11280
8365
869
5277
6345
13519
15893
5895
6462
10444
17103
9064
17194
7447
14671
6860
1833
4432
12943
19942
1659
7491
17677
1379
15843
5600
21649
2023
17139
9829
2830
19069
5538
10405
7084
19320
2768
20032
545
15088
14023
18691
12856
8249
13980
52
16947
20074
16158
11313
15743
7934
5091
10730
13007
6060
1510
7320
16664
6248
20201
17289
473
17051
9507
20392
4387
9908
8932
8448
1140
19370
10411
14897
1741
13208
2129
19790
2094
4045
6528
15662
22110
6530
17088
15922
3014
12868
17907
13159
1553
18853
12801
18630
5654
9343
9694
10695
14732
9025
2197
17477
4185
9970
14851
16052
19991
12728
9899
4895
2250
18542
687
3410
21709
9430
1744
4719
10262
4179
17233
20724
13994
14587
7319
8414
10852
14080
1938
809
15507
22158
3641
10674
7845
7590
21911
13524
7175
811
3255
3035
1340
5309
6660
1517
16194
3381
276
21623
10862
22077
9275
4242
8258
15541
1106
18474
11430
3461
10070
2223
20825
3334
20204
3579
20281
2953
17584
3133
17347
19787
21455
6840
20439
101
20907
15352
19881
151
14516
5138
19629
21636
14692
21995
17996
18404
10547
18954
20991
250
17557
13714
12241
2136
18890
1577
6153
13907
21062
15667
16357
16351
2566
20891
15400
20757
3094
20684
15965
15808
8333
9458
20408
1142
11900
8297
15985
15469
18208
4886
18716
13667
7228
3249
11049
2891
7787
21334
22152
7647
16480
20582
11235
6511
19955
7658
8077
5331
17570
21555
823
20500
21551
3098
9780
12201
20620
4872
15297
8544
16012
16689
652
13059
5336
15700
10953
1832
1896
711
7324
14545
1604
10498
5677
9773
21875
576
741
21679
2620
21931
18080
18000
8872
18298
11332
9586
19454
14918
3158
13993
11621
11225
340
2788
19022
4280
5667
14271
11196
14339
18597
15253
12604
13410
16554
7244
17804
8220
6984
7783
9764
8247
14908
1455
17815
14413
18639
15975
14525
13999
19130
10969
17735
1263
428
1476
2567
21212
17276
11210
21111
17212
12554
12091
4657
20433
263
12795
3307
8857
650
19667
17001
15301
2482
17230
17327
18889
10905
20084
17914
2341
16021
12782
455
6801
11609
18801
613
11788
404
5481
777
13505
12418
20778
21581
3820
5996
1060
13218
8244
17489
13925
20197
13034
20323
2048
20116
3876
21544
8447
1521
8432
10529
12315
21345
1450
19414
13226
13817
18870
20986
9499
12808
69
19723
10584
15936
21508
6286
8686
1687
19887
15946
20599
18089
5790
20457
21795
16229
8141
910
9287
2886
8706
1943
15658
10422
7901
14561
5666
7182
6063
19381
3962
8560
8215
13249
16424
17632
18057
18650
9050
19360
18768
9974
15330
17718
16181
10978
9401
19547
21601
10773
4424
12752
15434
19029
21157
8591
9348
19717
4648
5148
12835
4825
19076
13844
12267
10455
16244
21320
8575
21814
21533
2088
2803
16711
11343
10815
17050
3474
3769
20351
19988
20694
18990
11886
19273
13529
10329
7291
18521
17232
18680
18486
8166
6412
13264
15973
9008
1435
7702
256
694
20448
20117
6891
18527
16471
13418
19493
11846
12911
1875
14979
12998
17904
5863
7279
9863
12636
16779
12864
6016
9371
10752
12138
12230
17180
7386
8615
5573
17237
2671
7856
20326
7742
19219
2434
7123
13954
17807
13881
1600
10899
14383
12596
7778
18504
16676
6741
9126
10666
13525
2053
18188
19413
15686
20969
1615
3144
19231
18893
7833
7481
20830
22199
8975
13938
15905
13826
2132
4858
8893
16542
17895
3863
17582
8589
12316
2049
13382
10679
17153
11761
5969
20970
10107
19709
10791
4330
21577
19190
18729
17829
20420
2604
3844
13440
941
5983
7933
18154
13499
3134
7440
8391
16139
16285
7651
20697
4596
18972
12235
7862
14877
8101
10923
11361
5365
14696
11426
16634
17223
13545
9874
16022
15111
1115
5675
4536
19180
13853
18821
11686
6926
20330
9980
14448
15980
11227
11447
2775
20655
1986
15545
13866
14540
5255
2623
12509
5583
17871
12932
2236
20691
20809
18626
20804
4042
22083
18530
5227
18483
18629
20994
14658
9925
7126
15869
18999
12807
10676
21249
18612
8966
17852
17899
15007
5337
11079
13
821
14852
2016
21230
20203
17221
8390
20365
12553
13219
9273
1723
11714
7733
19780
15401
9782
15685
10278
2350
8173
8651
12647
5292
7903
15083
21126
17413
16803
11888
9333
8642
3071
7572
8271
20124
10235
3099
2543
15337
13795
21779
18366
18113
12855
1590
3409
20242
15236
21482
6343
10402
17909
1676
11160
10010
8488
5300
1665
6886
18381
17247
8797
5118
1863
13455
18991
794
6319
529
7198
22085
12489
1279
3675
7153
19329
20473
20855
19269
17925
21321
3221
10738
12680
20206
17629
9196
5193
20403
17576
19471
5431
3685
17893
3620
15650
2068
18035
19653
21013
7683
8804
17764
3273
22026
18402
4545
5440
13637
18579
11107
14480
9920
17196
19499
6569
11101
3443
3167
11037
5045
542
15283
12429
21840
4305
18514
22053
1728
22063
18085
96
12330
15787
15320
4681
16178
22176
1675
16465
6568
13988
17086
6748
4294
5080
2834
15184
14182
14971
163
13286
20507
4636
3009
6947
13771
5488
15364
1571
20210
4601
13344
21856
3306
9683
21255
2091
6031
3913
10937
19229
21698
1372
21925
12912
17594
11777
19785
20884
15627
16259
20776
7363
16710
14225
5713
5196
8972
12987
14500
21037
7329
457
9890
4842
17725
9098
21865
12667
2368
20631
4413
5967
496
11082
19761
8060
8967
19133
15389
13892
1315
21049
14767
13560
11698
9001
17950
14296
6512
10157
2365
2690
18884
8976
8556
6101
10477
2999
3919
2674
3678
12663
9009
20619
20564
355
3353
7327
18746
19796
6104
10733
5010
16036
6336
11319
16091
20953
7103
5505
12062
32
3929
1259
2806
8320
12671
16265
9948
22091
7155
18108
20238
13656
17683
9718
13136
7026
11525
7581
22225
7042
16177
14197
15671
12141
14600
21263
7407
20682
12655
9217
20372
5708
15010
18875
13886
13919
16646
1122
5621
14537
19578
17747
21189
20010
11522
5980
2920
11628
1645
20613
12458
6106
4254
8660
17146
22056
14012
9752
22046
6529
5163
15501
6241
21363
9885
19889
18644
17206
919
357
15476
8621
19248
15183
22016
8305
2998
5861
282
6565
8996
9553
10296
4090
8429
4017
19692
9918
14684
453
7980
7025
3327
22226
12956
22170
21244
5284
3449
7849
2553
6603
16530
12354
17268
3233
11872
9866
5672
15519
14078
4570
13023
21590
6070
8875
20311
12387
4818
1475
17945
1936
6222
12025
19417
1545
16708
10509
15456
21831
11768
6735
10083
239
4267
5257
19188
17970
17877
17106
660
4799
14837
451
5472
17974
19479
21556
14348
4070
10831
4189
1757
16806
5408
4664
7867
3447
1714
19883
19291
22207
4480
5526
10207
7342
8936
10263
8112
1081
12616
22102
9200
3707
21240
12901
4377
19505
1335
2649
2057
11681
4943
10178
12487
16820
13211
10687
20252
19607
16226
18692
6497
16575
12157
20516
1768
12440
12783
21466
2606
3687
14803
2242
7382
17105
18748
15420
13206
5192
6915
20491
3990
16545
10208
20364
7200
20239
16418
8360
4937
10139
7145
2714
5061
20966
5021
682
17826
21297
19475
15826
15937
12761
11733
20752
2238
16269
13047
5569
8310
13622
20963
2253
2628
5507
16913
8688
17328
11666
17251
8640
7095
867
14523
13487
10233
12904
13632
10544
2527
17648
2684
15608
6301
12934
21104
17031
6260
5512
10804
17935
2487
12732
6599
18038
19632
995
6389
12319
3403
14185
2508
14723
7635
20395
18981
3393
7129
15295
15864
3638
610
5447
7926
10153
17833
6370
5448
4259
9985
19953
14823
11917
16705
16600
1671
10961
17763
11512
3597
14855
10749
9078
17736
2580
7442
3882
15359
18362
14860
15287
1160
884
15385
18340
17577
17762
15791
16938
11487
10431
21821
17246
18532
13583
10917
2639
6506
17520
6653
10987
8264
17547
12497
4983
12015
4312
4429
11415
16370
2128
22122
21222
4201
12605
3470
21927
9903
10203
1474
18608
12631
4614
11159
7699
4224
4385
13508
15222
13683
12042
4457
2711
21992
18077
12204
13789
17638
5977
7669
2123
16000
7637
15322
21385
5252
8495
6708
15031
2592
6513
6546
12002
16537
1041
4963
13030
16823
8504
4549
18210
8903
5125
11303
16965
4448
17215
19808
21765
10251
20437
6420
21091
11464
1
17084
21602
1284
9424
16292
8705
13992
20444
19945
9244
7090
7716
16258
887
15363
976
5633
10024
10819
12928
2963
6074
17091
17719
18016
20800
7393
13569
3338
20080
16814
5628
21726
21277
18730
19422
5324
17080
15214
21924
18927
4129
19533
1940
9399
3966
9605
6750
21615
12
855
291
17381
396
6151
5754
2489
10337
18916
20393
8665
8282
20636
18828
16570
17371
15035
19038
18011
10720
4310
19798
2603
6409
11021
11605
1180
20664
9919
4303
20314
16350
16109
21295
20712
13840
15272
2826
15600
14691
6988
2875
962
17211
17731
21520
14128
1693
10700
13565
10608
5818
9861
4939
6309
18358
14589
1982
17816
6737
1731
19597
16238
14782
11187
11386
14688
8076
1419
13113
6575
7589
11171
881
9739
11961
18881
2936
16142
20222
3894
4663
7
4898
5811
14895
12650
275
2007
12202
11479
19585
1446
19077
16893
13018
14092
18187
2942
1085
16839
10589
12772
4028
21923
18361
2704
2840
4877
14061
9523
19034
19139
19617
15990
11708
18386
11928
11509
19151
10145
1690
13063
8608
6289
21191
8466
16469
11914
3103
6182
11938
4149
4741
6648
4670
6543
20746
2071
4374
15693
8442
12799
19730
5135
2818
11791
11728
3937
2904
13812
22064
18235
1840
1064
14957
332
3634
12186
7638
1668
17990
8641
7640
17390
16736
12796
14237
12090
10692
12144
4532
17912
12806
11295
20909
20161
2430
18791
2938
10881
18353
13140
8982
347
5682
13676
8661
10859
5327
8778
20426
1417
16251
285
17789
1322
16061
463
19171
7015
9580
1270
2328
18109
19930
22217
10853
1330
7814
20139
7164
6692
18487
9856
14616
17002
8029
16566
10755
13130
6111
1548
13066
20722
18977
18900
2195
12100
8773
20394
13949
15908
1529
20539
17724
12760
3729
3132
20026
9327
13367
6544
20950
10514
580
19203
2797
8883
8910
9864
11780
12626
18191
6808
1526
13356
17322
11614
468
17303
8658
11735
8784
6629
9434
15901
7735
2037
1647
15262
15188
20249
16896
9383
21132
7165
20510
10750
14215
4390
15463
6600
19449
411
18396
3520
21941
12923
21710
18623
19946
896
10162
2109
6465
10351
6191
6609
19071
18592
21027
19141
6154
5362
16590
14160
17456
5786
14819
11053
9813
3031
13062
21181
14084
12937
6869
15907
6036
8905
15539
10565
7509
9092
13931
10385
10480
5731
5006
19355
283
8713
18654
177
12439
15771
6440
15745
2756
20127
18250
5553
8710
4487
15066
12600
1680
21604
13491
11717
3174
21012
1907
17630
7756
8397
11783
5485
4686
6332
8650
9079
12960
15574
18923
5914
9071
3378
6515
12977
12888
14644
21646
10879
11179
6802
11592
20388
20481
5477
11265
13373
8344
19870
8626
6672
15493
14264
5560
16610
13104
10751
3810
4202
13312
13701
142
20216
17079
11871
18689
12050
18019
20405
3375
4951
6835
19992
3586
8854
6780
20759
5428
15758
9041
2205
8359
526
18071
21780
3045
18546
4684
8193
4158
9472
20072
8638
7223
18125
599
17523
10979
206
11740
1314
7645
1784
6491
8422
7809
15914
13024
9114
6957
15344
12921
19301
22168
12345
1331
18457
13158
15246
16472
4621
20720
5642
7199
18167
2945
6670
8951
13431
7234
3551
4223
3858
10818
12324
16565
5232
9298
20416
1056
6671
20901
14081
19297
7570
6992
9988
6447
18895
12433
17077
12226
13520
17400
10974
10311
19369
19623
17015
12127
31
16897
9274
11964
11438
3241
8831
8956
7380
21114
15563
14233
6433
6822
2869
19806
14726
265
20399
16745
16290
11044
4170
18684
16978
12580
4237
7087
12286
1865
11529
2263
9175
7955
18932
6365
16656
21634
17159
5143
18312
21741
14810
13829
15740
8570
14542
19284
19869
18564
5810
6293
20284
2107
20165
12726
13085
1377
11081
19438
11939
21254
5466
12300
1530
17503
5622
13052
10886
8562
9578
17579
19239
7559
17897
13628
13516
16232
5312
9710
2648
11798
14797
17234
1985
20888
19052
20196
6562
2035
16151
8323
17463
18435
13278
21735
8523
14445
6521
15586
10981
15244
7201
18203
13756
3728
21672
12064
18357
5452
9568
17142
14712
16324
19268
14055
9055
3039
14091
13190
1479
6675
3067
11253
13807
4512
20385
5812
2062
13787
7876
902
1467
21265
14299
2032
1319
15323
21476
20772
393
4866
19317
17184
18651
3591
10471
18450
3860
2390
19719
14334
19760
11615
2427
9949
17250
336
6719
16089
20805
7614
17407
20673
9616
12827
19525
9180
8724
17625
17966
16080
12451
8540
17227
6625
3504
1514
9195
15479
15239
22157
7571
11421
7700
21365
339
15759
5247
9203
19677
20721
4397
6176
5101
14209
17041
18586
2765
12146
6933
14508
7064
8415
18206
5785
20525
10198
12967
1178
3237
9449
20001
309
19024
5706
21149
12632
16250
20983
2622
21975
13633
7540
6763
9172
14625
14167
13360
11679
9684
17857
784
6450
13780
6769
12886
18709
21174
3795
19718
3753
6504
8052
4838
18697
16385
7576
12069
14028
14227
12938
13511
16639
2502
5619
7237
16416
20496
10285
14408
5701
18186
4828
18745
19862
19306
20093
5843
5018
2477
2570
6226
11599
14275
2908
1556
17228
17478
3977
1618
12134
18722
1006
2436
21216
1058
3976
2314
592
15974
3200
20540
7881
9081
20985
19849
13640
12233
21454
9294
19124
14962
10133
16853
7343
6354
9750
22131
16753
632
5446
20231
20189
20538
6081
1213
1233
19208
20935
15436
674
16440
16558
3439
2913
11644
585
939
16215
13197
14793
21467
14700
13305
17634
9566
21768
12190
21960
7094
5663
10605
5181
6385
11444
16311
2021
3080
10307
6448
11080
4967
22116
13855
562
12188
13273
19059
16879
18607
7125
11321
22156
1245
2478
10341
17024
5618
11026
3089
12724
6468
19866
9382
4867
8625
16831
2419
5043
2554
16121
8965
15518
9937
9481
7397
10767
19018
3970
11672
2118
11060
14418
5920
19331
11517
1332
2257
9698
21575
12915
13863
3070
11908
9119
2518
7336
30
3954
13937
5223
9204
6693
5174
6366
17544
11134
9590
12116
19245
3391
15369
17780
3417
20614
21024
18667
16466
19710
5007
2731
3216
1722
15961
14954
9653
20366
14154
146
20289
2590
7769
20480
3411
5844
17061
860
15674
21781
7613
16596
16686
6615
590
12240
13016
20357
14459
19431
19925
22118
3232
2493
14254
11425
16623
14437
12925
12165
7321
14103
13860
5856
13625
3129
11611
2776
15274
9184
78
6758
7972
4678
1453
6825
17620
4959
2573
11857
8662
8735
12154
5242
90
10244
4514
2311
8643
11188
9793
10503
22106
15021
16833
3676
7375
20585
10781
5403
2842
7649
5723
18698
10015
1850
1316
21155
14261
22048
5017
3445
12228
3432
10603
21335
17870
2831
1955
7272
18323
19731
8248
7073
13236
15196
4717
2802
11601
1501
7515
13414
7349
8449
14567
3178
7161
17155
13381
10860
20837
18863
11646
15979
8302
9336
17349
9362
17991
12444
16435
6438
20676
6654
19398
3495
18270
5201
10132
18157
20588
1627
19238
14391
7054
22230
18415
11145
8673
12472
3387
7068
10035
21552
3352
17665
18441
2785
4422
5421
20793
5083
10260
15144
3897
11931
20504
7428
6398
3805
8398
2974
5169
12014
16739
12698
5693
14792
21569
16102
19031
983
7597
21292
21227
17282
19081
21684
2248
2292
6793
1232
12466
16630
20949
8612
20767
9635
3226
4438
20612
1310
20622
10277
17733
5464
21892
6168
1144
1733
5721
6580
14630
11121
14607
2190
4072
10562
5304
704
8002
8160
2682
19555
16445
16019
21323
16023
7593
10882
15895
4606
7194
22031
17843
12846
3987
21487
13181
21306
7445
14292
2719
920
2009
7931
3836
16915
9357
10686
3163
14706
9587
20669
18232
16341
4862
17533
20526
11775
5490
20185
2640
18053
12125
8799
7238
15664
13036
12869
2577
18936
2069
12758
9384
20753
17263
12400
3062
9293
21468
4418
20044
11574
4067
16810
14117
3903
20046
12918
6518
19481
1882
11845
1170
2230
13629
909
10174
14529
17890
20233
19223
16717
21836
18734
21412
12721
4063
8254
5044
1444
18931
5153
7990
16601
14484
558
3979
2536
1961
16442
13962
18741
15023
14849
13243
14461
21940
9758
12836
16312
110
1438
18472
1234
6917
4716
8807
132
6142
6275
14759
533
19551
15921
21543
20863
3054
19403
11448
6880
15381
4115
1492
5658
18117
15141
1743
2644
7595
3101
21491
22084
20061
20934
12457
21101
16492
16528
12467
10821
5542
20725
9312
14991
6792
13681
14666
10275
8866
2516
18947
7997
4309
17129
13329
20171
14701
651
8168
17075
3981
2247
2522
16143
16163
10136
10361
5922
14931
9517
18922
1472
19178
115
3348
636
4278
13679
13976
9477
9270
15809
12359
2686
3958
18976
8251
7805
16126
20621
12924
1345
3462
3739
10699
12473
12398
12047
5611
9000
9607
21889
9947
15832
21829
1900
7184
15548
14598
14924
4822
21353
11362
1684
7249
17545
6233
14503
11397
7689
13241
6981
15241
12024
18081
14611
10453
1175
2386
13079
19969
3701
5048
9084
17662
19010
289
15825
9708
4282
7066
18935
16007
2789
4789
4336
3372
15079
21641
20518
21776
15763
20826
4805
17973
11812
3254
19502
2798
7060
1206
14335
3640
20880
3420
15644
11277
19552
10388
12225
528
11237
16740
12954
7975
1946
9219
18326
1010
19260
7083
3656
16679
3722
18812
17430
13092
17203
12610
14609
2486
2949
18625
19225
5775
1804
11807
15848
3388
22174
14305
7404
14372
3536
119
21771
20015
2838
17285
19522
525
16910
5140
13838
6788
19928
19128
13786
17908
14205
3930
12464
16044
11813
9649
13193
8186
4027
8316
17065
12150
15256
17300
9489
3120
17848
11618
13124
3154
1710
10065
13950
15411
12355
16968
10665
4518
14725
3169
16807
14407
4297
8647
15565
1021
20678
21694
5624
16698
15836
9905
2076
227
5503
21697
20924
324
11555
10227
322
3078
7656
20469
16816
18728
2666
21137
11793
22005
21431
6294
15374
8098
15558
5306
3625
5308
19876
15397
9100
903
7655
7724
6717
12191
3659
14435
8356
7391
8363
13500
16279
4342
5351
16256
20787
18302
12579
2315
9714
13484
7449
1503
6733
17604
6787
11387
3934
14327
9594
7295
5587
14057
14902
10849
1633
4198
1328
17290
12768
8960
17611
6487
13116
14705
12273
6128
19388
21582
19065
4578
17052
7243
4958
19568
14397
16157
20502
11578
21432
4490
19766
19626
7346
19536
11674
3195
15572
812
18686
21511
16627
14453
16304
4999
7749
2968
4136
19181
8744
10401
11924
7734
9770
2755
791
12085
268
12179
10485
11607
18236
13295
15414
2901
728
4624
17163
7946
10872
7927
17029
7267
6585
13722
14379
21453
18311
2757
13175
18694
20561
16603
2348
15478
2889
12817
19293
5601
226
8031
13444
1790
10365
21885
7811
5206
21912
16892
10465
17858
9296
16005
10191
14269
14036
7217
8685
1412
9604
1346
6236
4713
14054
15443
19702
11147
17732
6145
582
15345
12485
11854
6752
11297
15486
1124
8479
15643
6160
8005
20748
5884
9973
2512
7483
19745
9798
11238
5877
8546
609
21886
21078
15399
20102
22010
3812
20629
12535
6184
17351
4513
19348
7736
19648
21996
13590
9461
6958
19521
19538
21407
18010
943
12409
15665
12551
6264
21607
3160
13466
20179
3738
13688
317
21074
2101
8548
10938
10423
19144
20465
4233
18459
4435
447
1849
16713
14562
18713
2377
3917
8888
11683
15206
3000
5268
6702
12377
11650
13517
15075
2805
5498
13179
8917
21260
11473
5376
18866
13650
3763
9972
3013
10683
566
273
201
5630
15056
8968
13769
19289
17593
3324
9510
600
12558
13229
19261
11521
16825
19346
4581
4326
19563
8035
373
12591
18790
16039
10353
17792
13811
8275
18668
4162
8108
5368
4854
3128
8741
14596
14393
20213
21597
7629
20109
9082
11385
15122
4052
12927
15833
20955
4214
4929
7410
22100
5513
13548
8821
7118
10820
2503
108
10739
12716
21483
15898
9143
13716
5730
3850
10669
14714
5317
2820
9663
5151
8816
5384
15155
17844
874
18013
13603
19448
21445
11163
11804
13171
11102
20148
21622
10971
21872
4595
11697
4265
1405
16138
17308
17191
5401
1337
9719
2005
14405
14930
2701
568
13428
7738
11711
11244
14555
16071
11560
2655
3347
13776
15676
5908
8668
17796
19336
4499
7578
9608
20230
8827
10834
18897
18561
16132
6083
22223
11865
20626
6263
5898
8851
9007
8459
14608
5055
11980
6415
17894
10130
546
6170
21500
19643
13355
15499
19281
3124
1387
4135
8053
9835
915
8557
20379
5131
21894
18754
17977
7014
17176
21362
6872
11725
5824
3333
260
12527
19625
2012
3272
17271
18257
4301
12974
16611
9370
1125
19602
6181
5240
10542
13032
5404
17642
21259
8056
16162
5423
11138
13875
14344
11401
8509
20452
13037
11220
4414
9128
4191
15224
13719
5599
8995
7134
3782
12577
3742
10861
17743
9029
3574
19871
20851
11257
20352
18446
17906
5341
13343
6505
16236
5370
2354
21120
20250
10723
19854
12670
3180
19391
19683
20736
3965
20454
13413
18616
21614
20747
16752
11850
7457
11255
15257
15711
16043
543
11317
2414
8338
7100
6853
15405
1527
2922
17415
13616
15511
6700
7994
3197
4
11905
15329
9464
5627
13933
666
11331
1504
2833
17458
3926
18621
9286
1313
15614
17915
353
7562
6317
14937
21982
6002
20478
5234
3823
16463
10232
18919
16543
8634
20443
19104
1621
1251
11719
2959
17249
2199
16747
967
20815
16347
5014
21276
956
13798
3413
1031
20367
9945
17920
893
20581
20052
10560
5276
3119
20243
19590
13306
18747
9133
11197
1471
2337
20142
2836
22011
2446
16573
19556
18268
21805
16186
20023
13297
14966
8825
14483
8865
3661
7348
14252
2909
20905
17853
3085
19420
9720
14829
9335
4274
6100
549
14984
18825
6315
16148
9818
10371
14021
20771
2958
17020
7583
15536
16555
5429
21285
19592
8541
15932
4461
15368
2215
4314
11626
19977
6678
3711
22080
2494
8385
20616
14467
14384
1079
3155
4217
6531
1694
7743
12381
16584
9137
9353
2067
3871
19672
18069
13064
3721
10375
15185
13712
14982
13646
9426
10710
7122
12723
2813
18695
14336
3081
21586
16795
17684
13883
4708
5501
15459
13738
14729
14319
13490
19574
406
19986
6284
14481
19193
8383
21419
11377
13178
11382
10324
12643
11272
17062
13953
3446
10896
7245
9706
6341
21799
6516
12172
21603
22113
7552
5237
6416
4489
16801
3369
18129
14125
18552
17710
112
14790
8699
7826
7723
11293
15993
18899
6736
4261
5767
21902
11883
4539
14033
19240
21990
10670
14060
804
15074
21936
2997
2423
8236
9199
14864
3669
12361
14265
16267
17865
501
5226
15829
16205
19136
7759
8693
8476
19040
9592
20575
6545
11677
19053
18090
10424
4784
15036
2832
9873
20792
6459
20910
3185
18852
1460
9141
6910
14172
2227
14721
3617
5504
4590
15372
2017
8022
9044
3592
12871
17578
10796
6821
14123
8273
8014
10842
5092
1554
2249
12327
12873
6296
22169
1208
6523
4144
21175
8632
4204
21673
15940
22198
3547
3264
12992
16155
14026
10946
16365
20181
5617
2727
2305
18479
2859
2367
3482
11162
8497
21738
14774
3397
7251
12217
19589
19579
8603
19610
12628
14785
4626
8703
3260
15648
22101
131
20221
20237
19675
14093
17847
12338
11848
11513
4073
13283
20487
7280
17357
16606
17599
9376
8904
12788
19528
13141
17788
2134
14369
6855
17615
1318
21774
15266
14308
22107
5065
12674
14685
1559
13694
4372
3568
12346
21644
10440
20941
3859
391
8355
22145
6589
21038
907
21787
15573
1103
14577
22120
15502
11003
4722
11810
9707
19811
13573
13832
16945
19106
10317
14821
18224
21689
18789
14770
19863
14008
6833
6961
17900
8091
14716
21734
17254
2855
278
8037
1485
10113
18255
20130
2506
16661
3816
4014
9031
12971
5460
335
17516
17644
13166
18240
13313
12906
826
14403
1920
19703
12443
16190
7396
18547
2632
512
5711
16241
17627
9304
10195
17707
2157
14473
11787
2595
2387
1614
15498
5629
8538
2735
14198
7610
10321
1929
4076
14867
12922
6548
11099
18941
21566
4989
17238
21421
14426
12792
15280
8381
19906
17605
9560
9696
12815
10807
14972
18114
6508
12351
12644
16861
12236
18703
9337
21006
12946
15276
11180
4211
17776
19464
179
4916
18885
14807
8519
8454
15062
19596
11437
13611
17946
19879
467
10138
18721
7471
3141
4238
9245
18898
20348
15731
10061
14580
10697
21761
3528
3560
19621
4087
8532
14621
51
1603
6421
13731
21930
1811
20881
168
4764
10489
20965
20182
376
18365
10581
18449
3064
2749
11633
10152
17093
20586
4062
15388
12416
7157
14345
12514
15008
7753
19042
12246
18491
17530
20474
3484
17766
4232
2443
4439
12718
14883
6161
19251
12321
18765
11125
14764
4941
11889
18137
11790
1384
4968
1765
9960
6985
6270
15653
13775
15120
14382
538
5688
13244
2042
11863
7316
19999
2528
12336
3760
14276
10363
16591
15205
6920
21141
13043
556
12831
673
659
5670
14554
6786
15977
9474
596
3572
20264
4292
7208
13874
21030
16419
4071
5198
18444
5233
5656
17427
7019
2853
1200
14478
13825
91
6691
14294
14502
3286
12637
17272
4733
15773
17532
10525
5750
21727
19750
12538
3068
9655
5885
12522
2681
3316
13906
14083
2780
13345
6240
20707
15920
19182
13334
13084
8411
13319
13045
11688
13728
17849
21883
13924
12239
15989
15804
8439
7191
11248
7298
8781
6978
3791
15040
6383
16766
5028
3282
5491
12893
15314
3751
8694
9140
17882
20685
6637
5279
6969
9978
3652
13805
22191
6810
18903
11078
12627
20270
9112
3288
4961
14960
1646
1860
6014
5132
3774
19305
11684
1070
16456
10289
5453
3346
7573
9656
2449
3818
1905
16687
717
19830
6863
16819
18807
5582
2896
16645
16682
15471
15482
8380
7256
13239
2150
248
595
9641
15622
15271
5417
21206
1105
17466
14680
4000
18858
18593
13088
1266
8717
13498
13852
5955
17490
41
4430
15112
16415
17898
14122
18217
10944
12525
5924
18545
16340
21180
8085
715
18299
12590
584
8871
856
8588
15173
19047
6803
14579
13522
10776
2602
18643
11499
20483
3046
20043
17134
10803
3024
2967
20415
10194
12776
21743
19142
11680
8839
19003
67
17482
15722
18041
14213
348
14741
9090
1172
15432
1459
20290
19066
7754
21955
12602
20069
16760
1242
6355
9277
9882
17273
17659
2888
15537
16822
9529
19926
21998
5424
16511
7721
890
7341
16399
20049
20601
36
11268
2385
14646
17834
5530
1051
18516
2761
2610
20145
14861
11428
1104
21400
19916
12452
7021
13641
16298
17696
7601
552
15054
2856
17938
17550
17083
12988
4948
13921
16757
17469
12625
20277
2070
4892
8016
4318
1874
19294
852
18762
15628
19321
147
16541
17640
7929
7965
22164
3828
17395
2366
4226
16826
8563
6527
16117
374
8170
20225
21588
19285
21847
16905
1649
9807
6918
3492
11181
798
11834
2745
13055
9223
504
9554
14099
12358
11247
17510
9322
8090
18320
3060
5087
5219
6396
10763
9342
4367
14255
18701
11664
9940
16057
1094
14681
18871
5860
6410
16165
15775
8435
13192
2270
4900
5793
10406
8088
6484
6623
12837
9982
7347
14040
13784
14632
11910
16384
11771
2303
839
3584
7091
19247
19825
4362
18471
15742
8458
7159
18549
8884
19105
7513
6858
21580
5634
5987
60
7487
7001
6864
325
10391
17697
20835
8179
136
3287
21045
9881
17277
7197
15786
19466
17411
17365
9785
20462
17948
10313
3880
13638
22211
2680
17942
13814
20498
1747
4039
6285
21287
998
6617
15308
13051
17947
14549
5011
1996
19837
21595
13161
12289
16040
6602
16477
3326
19051
19362
15319
10047
2433
17742
5637
7503
14010
9022
1276
8998
16886
21134
7334
7053
20489
5893
10236
7679
9387
13570
20723
1437
10591
10913
18891
1473
13497
14953
14274
8269
15121
19079
18400
20085
1496
16777
3469
3301
13581
1572
20153
19421
615
2782
21825
18231
7727
18177
10094
21103
11936
12129
2847
1595
19407
6701
11670
7179
4511
15865
17468
3681
10141
1878
2709
5390
4634
19747
16990
7912
15331
10586
6630
20569
17675
18864
217
18604
4746
11682
8631
5150
5703
7939
9771
2105
12884
12083
8860
14247
17280
578
12585
10335
17765
318
2108
2975
19815
13250
1303
11398
10470
5052
4779
5911
7580
19386
11505
16436
8696
70
7842
7892
10731
11085
6049
616
22023
16300
13835
6003
12072
19349
3311
21464
12978
9004
16571
2456
6655
21676
19732
8769
19213
8485
17940
19377
16183
9997
7229
20400
4633
14838
6883
15938
17778
15772
3108
19776
1782
2662
3473
10093
12469
17581
17369
4187
5348
1240
4527
4521
22040
626
14376
9303
8423
13961
2807
7528
1215
17360
13480
12307
3566
12337
10084
5865
815
21158
2990
10910
8977
4212
14143
15422
13927
11471
9691
14734
1371
17311
1536
1941
8464
16625
2693
15097
4580
9601
10500
1089
3465
9791
13909
13417
6995
1661
2948
14479
6403
19094
21775
5484
4165
18508
10617
3921
8232
5008
13091
2308
15598
16917
15999
16395
22029
7880
19087
22068
2194
3082
19553
7806
6794
7470
18321
17442
6346
7494
1812
11758
6369
7108
11403
21145
12249
21257
18033
3963
4114
1465
3448
14390
21083
6387
3481
21718
8129
15903
17461
5643
12374
3762
2585
17814
1826
3955
11532
9757
17316
13288
8524
1095
15026
11286
14623
606
4971
16697
10959
21832
13941
14046
3012
2306
19705
1027
1531
19938
11252
1593
4315
3718
4529
8527
9715
767
2090
9439
2115
6616
5476
18705
3668
6001
6047
782
5698
18107
13568
12250
21162
8079
19415
18711
8110
1003
3491
6805
14042
11764
14058
16864
20598
3392
14668
14948
18473
1157
8868
4840
17936
15152
6854
17592
15888
2106
8691
20456
13566
12898
349
3952
16720
20875
7818
16763
18480
16103
4918
15251
11772
19167
2160
11329
3298
4903
4394
18844
4398
13774
19332
10655
9801
15630
16962
9552
3053
11734
8718
4083
18572
9229
19727
3199
625
16900
4206
1748
441
3665
19184
11477
7624
21517
17660
20427
1610
1950
4911
13584
4092
11549
2923
9956
13788
7265
13075
5932
11736
14399
15566
13262
2697
19918
15529
21647
12131
1383
9269
71
17421
10954
13790
6744
3596
9772
3360
3696
7326
1294
20282
16314
12073
21627
10098
5322
6650
1141
10017
2521
10482
18679
1721
6051
6118
17394
18850
7976
20921
20126
12471
6873
9682
21324
16649
10792
18497
21730
13015
15360
6747
7609
20686
11478
3855
19575
11921
7687
5769
14649
14845
7820
11623
5171
6940
8736
1859
5540
6525
17787
3682
19009
5692
15067
3557
19097
3361
17449
19303
21547
20479
8457
11940
2906
5
17574
20098
17727
13317
10055
16544
1912
19511
9621
21457
14332
11651
17653
2878
17607
16410
8300
18373
4795
14203
19121
5430
18245
16242
8148
11660
4568
14724
10871
1074
19698
15299
16631
21834
193
16252
21361
19665
16725
7970
12665
19888
8126
897
20710
11348
12089
20463
9087
19557
14416
9369
1624
3898
21358
6471
5694
5727
13697
17288
5784
8260
3734
9869
20390
19817
4462
2822
16289
5471
10332
16134
6842
3555
13483
21356
3468
18105
14030
17102
11631
21471
5795
12254
19149
9213
6819
7301
2299
20459
15547
12854
20515
7677
3618
11300
17018
8369
2225
2880
3731
11488
20435
5779
6356
6911
15756
2732
13204
3730
21691
1870
22137
2625
10461
4444
13214
18352
6082
12017
12328
4269
5752
21696
3097
6164
11892
7897
3826
20749
5572
5547
11207
19401
4504
9308
3633
2222
7269
3743
7250
18760
17886
17883
850
20696
12712
12543
4479
7991
7006
1078
15191
13822
1715
13567
4711
6894
8461
9268
16179
8470
11090
7096
10418
14531
19477
15790
769
1177
2346
17875
2457
14720
7405
11063
8620
18641
15533
14618
9888
13987
266
16180
17420
21124
4207
7551
8892
4753
12890
5594
4907
22112
11485
16998
12762
21166
14499
358
5963
11027
15398
9755
1370
20412
6441
12461
2469
3726
15567
2141
1783
16778
22032
20312
9883
15264
15673
7996
6178
15464
12989
7177
11801
17108
7169
13561
17133
4864
11131
2281
15046
8078
8677
11823
10376
1585
3588
18726
12512
408
15531
12143
18660
9257
15176
4140
7181
12405
8829
16526
3972
6556
20067
9240
2812
17174
8722
13450
5295
9331
18254
5773
13122
13820
7373
6358
18925
20873
10955
14303
9249
9904
7007
12115
6312
7728
10779
3105
12779
6095
12401
15328
9565
7821
5356
21947
2569
1248
11565
14889
16792
4517
4519
2312
3086
21307
7446
14020
13639
14869
858
7252
14677
18272
359
16396
240
5482
11374
14989
7762
19532
21667
11526
11142
3509
16733
9285
13065
7986
14016
13884
6479
19873
17339
19127
9841
1366
13887
21122
16999
9923
12257
20004
6994
16153
7355
18955
8629
5615
21129
17492
13704
8169
12391
166
21997
18671
6711
8874
19524
14520
648
19495
15477
14328
19283
4370
1998
2059
8921
21252
3602
3804
11014
18103
19068
8636
2739
21461
4652
15440
3059
3771
16569
13889
21708
1272
2605
17825
2637
15945
8437
424
8571
16075
17913
18531
20554
6390
1754
9894
19693
3140
3476
18506
18378
6618
9209
18780
1988
62
7361
11597
10850
20915
13271
9391
14920
10316
2653
20155
22178
14130
7764
14925
20577
10592
19846
10380
9102
18009
19952
14219
17207
19903
21011
13347
6944
2001
8942
21507
8809
6776
15383
22155
16684
3451
4671
7848
12431
20170
8242
4594
5739
5079
1297
14614
2877
1202
16851
19534
2155
9537
10973
1461
10636
13916
14779
11658
5822
7455
3724
18332
18773
8370
21790
21788
1449
3789
6663
4791
19714
2369
6610
18687
9840
4328
15522
8246
3609
6435
14535
5493
22074
12223
21859
11913
16940
18960
16171
20993
21557
13396
15588
10314
19800
16498
1483
3106
3688
803
16425
17127
6925
14330
3433
12163
21599
6745
17902
3627
8711
3883
8999
8001
822
19851
21328
11371
10652
10646
16234
6210
20191
3275
11132
20674
6980
21251
8644
10433
19468
11705
9392
868
2873
21736
18135
17484
16322
15873
14620
551
19549
10135
6013
3017
11076
10408
15300
12810
11151
19661
17397
16286
3206
1921
21839
21968
13985
2772
19107
135
1295
19649
12983
15018
16034
16959
20536
20513
20060
8451
3405
5806
2737
17504
4542
16597
1807
14045
10028
4651
2226
1990
2149
14927
14912
20593
16559
16202
4507
12814
968
17005
12029
13766
11531
2705
11391
5751
16954
1369
21339
21620
21267
4894
13660
4970
5945
16247
10508
17314
646
2481
18424
3357
3733
362
17437
6163
12913
22038
13762
4235
19316
617
10258
6635
11369
14799
2338
8123
11184
21867
5742
13612
6598
11250
15065
14563
2081
18945
831
15343
10782
9372
12693
20906
14005
20460
17446
15481
21609
3993
5813
7644
9328
11673
11287
12603
16901
18800
10046
11202
1836
9909
1682
17522
10381
3022
12285
8120
1253
13149
389
16111
10297
10760
10990
15407
20009
12310
20946
18303
1109
10935
5053
13294
20073
9194
20345
10092
12985
15226
9611
2339
7546
19312
16129
6097
19036
6395
1913
4548
11558
10867
6216
21291
12505
2796
16246
3354
20423
5805
14811
21648
9027
2571
1780
19147
15868
19288
17444
8870
2210
5646
18783
7486
4917
6253
947
3636
1801
13379
8882
19093
13201
9347
21949
5802
18430
13651
19406
10613
12149
6056
6259
11357
21128
4348
10446
18690
10663
8428
13019
18750
11231
17473
4320
17596
10326
3317
19531
10199
220
2075
8431
18060
3822
16662
16975
2169
16482
19226
12534
14876
21693
16166
12958
14232
22057
7630
13435
6339
15927
11167
2440
4296
448
21763
8482
18907
14988
8191
7364
17023
15880
3238
311
19924
9261
20285
20002
16368
20320
6162
2014
4853
14818
13702
21188
16421
14116
2394
9264
14777
9577
21802
15785
14510
20186
17462
14865
20827
9262
12785
13003
21379
13074
16878
20602
3647
16811
19608
12339
1994
14035
12343
18448
16946
7512
10795
7641
15971
2619
310
17645
6686
20028
22036
17060
18633
10883
13827
7843
3779
6621
21823
21999
18259
7592
19635
16056
12334
21574
3854
548
6704
11795
3279
20131
2178
21523
14765
19000
9476
11165
3821
6231
15910
2973
9820
13021
20081
1842
17054
6292
3052
1001
4307
17082
9834
17488
9437
19523
14260
8927
4203
3450
1255
293
4363
7921
9612
2331
17241
2883
15341
12093
9033
5506
3270
7615
4244
4906
13620
621
14586
8445
16618
1816
15517
7443
21666
17236
6729
11025
1635
10223
21433
11483
6359
1919
4756
11119
14079
11584
371
16014
18420
18225
10445
21102
11519
2608
367
14148
1625
15496
8210
9409
19725
4676
14840
12097
10492
14392
17204
20307
8652
4734
9197
6397
5354
16069
18793
17125
3809
3689
20247
19272
10638
9345
11290
1050
4075
20836
18598
16539
7476
200
11999
16674
20844
2760
11066
9900
3525
4883
15406
19865
15090
12488
14297
279
14412
15555
14365
6724
20948
20514
3626
20574
1551
18379
10578
11984
986
12951
14574
8146
5648
10527
16659
7211
33
12099
6477
15966
17423
19324
6295
8366
16327
6499
8806
2267
13316
5632
3639
10869
17786
16729
18336
17202
19909
10156
8378
221
4012
7750
6964
21186
15347
2617
432
17717
13509
1102
10790
1428
9056
18645
11814
21156
13123
12331
15497
3427
14976
18018
22087
14822
15213
10846
4575
18464
8716
18347
19075
13737
17511
5641
3061
12847
20211
6419
12908
18088
1394
4673
1183
15033
11564
4068
21934
19337
19340
4323
6690
20173
21916
5966
1561
4875
20617
2532
9377
7463
746
17270
16230
2989
19049
14511
7739
5060
18014
10688
1390
20354
21138
12446
5095
15139
12432
3295
11878
8490
13397
15303
5676
9378
12372
14095
3998
9545
12197
18736
13238
4945
11472
17004
11432
4800
11408
15200
16936
3102
15535
8818
1617
8926
7685
12256
16359
12872
16275
5794
19875
10463
19054
6323
11051
5979
13321
3057
21463
11749
3003
19129
15134
18980
20066
13598
10698
16926
9830
481
9879
20656
3521
11752
21386
19396
7500
16953
15116
17756
4239
7142
20422
13457
5483
15883
12973
8941
3909
213
11869
1110
21393
10429
10496
20988
9317
16568
4707
16411
20509
6351
8314
2858
3775
18282
11815
2821
9258
20739
20406
16496
14243
7116
5272
3671
4700
11593
6192
8946
21066
14795
2784
3452
2551
12970
10105
10711
7860
20271
18417
513
15245
16613
15438
13615
22228
2885
20248
20342
14151
18329
16227
15778
19539
7287
11726
15472
891
2865
16403
10172
20137
11620
11976
2173
6472
12775
22014
988
1970
9431
6725
14347
19078
14173
9355
3842
11563
6576
19491
13593
3569
5792
7207
5783
16731
16673
1186
4775
10014
5803
11104
17345
10894
8223
11359
491
2245
14174
11843
16209
883
1360
5734
10551
3912
2175
1759
19166
21193
8000
10836
9403
6832
10839
15956
15668
1825
22090
13151
13718
8835
7370
19639
13040
20523
10110
3121
10269
21288
11524
15487
11460
4218
21766
19948
854
15048
12491
700
11282
12221
16512
15816
17341
19691
506
4692
1132
9233
14898
8489
21383
1978
8335
9662
9368
18501
8800
10724
387
20730
9
19679
16176
11820
9857
13057
5108
466
9447
13720
19426
12170
9473
16478
12410
94
5592
19158
14338
17333
10067
10128
15148
8780
13112
13424
1093
17507
1454
1685
13530
7018
5358
9496
15972
1884
14362
11808
18575
1829
5454
5385
204
16702
10457
6535
13398
8747
20157
3148
6804
7369
10475
13644
21850
13614
1146
16521
18710
10476
15305
19545
4468
20
12294
19638
7920
73
12462
21659
18285
2579
13481
1824
18523
15423
19591
16323
16074
7132
17726
4345
8048
13162
12547
7888
11033
18043
5474
2725
2148
10802
6204
10601
20334
19716
2935
19202
15748
7775
19217
16104
6228
21420
21863
9375
996
13913
12882
19082
15115
13327
9187
17297
14104
15726
15525
19030
13559
9067
6186
17536
17376
10694
436
13170
6587
6963
1926
1930
13233
1121
21904
11000
18063
1448
262
17822
15100
6983
5915
3212
12701
11720
19867
15013
1596
19443
5202
9346
14102
6815
15483
12557
5436
15875
19561
6011
9259
13658
21964
4772
9686
16
1367
7345
2066
3650
3130
15947
1799
19134
401
15698
4478
12939
19110
1922
21827
6096
18584
17454
6258
13017
6996
3239
4381
1252
6608
2241
21204
4824
9045
2589
20376
19323
22119
6753
6363
3256
928
7261
5127
13429
5995
774
13154
554
22206
13237
12707
21525
19295
1651
7916
17377
3603
843
9722
7674
13006
15365
8569
3005
4220
1005
4358
9049
287
9198
3250
3714
16198
13350
4623
1698
17240
15063
20152
16620
18657
5735
20490
19947
18119
158
16842
8751
18649
1458
19086
16957
3813
19898
9677
21408
11422
6709
12404
4354
11240
15064
1321
2754
1497
12499
11770
13458
14201
16574
944
7993
11383
12754
14963
15703
2378
6276
10574
21228
9427
17999
13341
9005
13115
9859
13152
3571
11204
9702
15037
5855
15761
9942
3653
12613
2467
18393
3878
11433
288
17231
17686
19373
17099
5879
3796
20235
4571
19842
6458
7456
3345
19255
952
1311
10631
9061
12675
9103
21479
21969
6467
15362
5398
10154
11269
15375
4329
6372
21915
16067
10183
13751
2262
15681
18770
13696
10806
14622
9136
15072
17755
17354
6427
932
4691
8695
2850
17422
195
9703
6570
20861
21782
5956
10566
16328
20550
2158
16144
8611
1133
12411
10986
14879
97
16615
9642
19755
1261
20529
18974
6781
11288
21662
5726
10209
17284
21668
1090
1421
5033
18556
11727
10027
11915
2273
4005
9717
14938
11528
19271
15012
779
17046
1432
14636
20640
12511
18854
7799
2882
10809
20163
10964
12865
12054
21242
271
2572
4007
7395
640
3587
5121
15834
14302
3613
2614
13709
3879
11870
3191
11281
18314
2008
21003
10970
781
18578
17987
4727
14364
11389
3598
18658
8255
11954
14669
18859
13035
20374
5777
12735
21125
3582
12373
10085
18425
4113
2992
17175
4662
19666
4401
3109
9615
13864
19993
4760
10303
17318
14295
11203
11930
5215
1164
21
15187
9932
3006
5787
7758
2349
18339
15751
1117
7061
15009
3904
14955
17657
18278
4256
16520
7448
13132
2437
9313
5757
15309
1275
12112
12252
7755
7681
6489
16764
16224
14751
20236
21521
10315
1787
14744
15016
3037
18938
12621
16612
6982
14788
7873
306
21937
19492
5749
8484
16107
768
1357
18618
17924
8595
4699
1705
4175
20361
3540
20384
12454
4188
21558
3556
16423
10748
8337
19962
15208
16680
15514
4290
553
4682
12209
2426
4933
16859
17818
9463
20391
4281
1134
21683
1573
18147
4689
19856
7309
5516
3610
18490
3084
18181
16042
6375
5156
17542
13792
14278
602
2465
6404
4286
11893
2862
4102
1148
10775
4870
4829
11527
2659
13806
8137
12990
17571
668
8089
19296
21047
17173
5935
10304
10940
4901
2425
3172
4714
10629
5158
1547
16266
10800
17214
12363
12552
18673
10624
11665
8071
1209
17993
19860
16278
11030
20409
3933
14594
7210
13740
10237
1965
1065
21232
1257
18288
9543
11792
22127
2347
5886
461
8513
2706
17132
14434
21428
14106
6743
5859
15837
16588
22059
19392
9690
15660
12793
4826
20715
304
11127
14186
19838
18749
19868
12880
7376
12642
12945
16525
12976
21541
6213
8970
7947
20202
10099
6185
17994
20999
16130
12914
18957
6024
3786
8539
15470
8412
9077
1138
18646
1191
6827
1656
3585
935
3423
18580
7434
9412
13689
19686
21359
10117
13527
11364
535
8726
3441
17262
2237
16836
11821
11904
13900
16376
18246
5085
4289
5689
20229
3667
4809
19116
5307
413
844
15078
18341
5567
6090
9120
581
18883
2783
8789
7766
17192
5434
2771
16876
9221
1822
22201
5222
21197
6430
16268
2762
635
5576
18139
21530
17053
6436
11192
1979
5093
16282
16409
5480
6851
5066
1327
21142
22144
6085
14155
3358
14029
14014
3332
9842
17078
20971
3723
1433
7831
10414
16607
14740
12113
14470
14825
15651
4009
21472
12303
12549
20369
11169
3001
9043
10705
3115
4446
2452
5302
7115
3905
5172
20811
20432
18715
2310
2699
13589
930
14911
15045
394
16274
1630
12657
5475
3028
12649
5760
18862
3505
7264
1273
828
7530
3344
6149
12705
21179
17113
14517
14738
11585
17145
14472
20527
19344
290
6847
9366
2665
17790
14071
4247
22114
2955
17527
15599
21409
20908
1128
2624
9271
6916
5378
7567
9024
9231
7984
4184
2578
20977
14698
1516
19668
677
19599
7409
21195
12555
8421
13760
17028
15958
1098
19270
286
11009
5574
9498
9157
19819
12203
16971
4537
1457
12532
17068
14169
222
20299
1914
9878
14224
12173
2988
17801
3565
508
18455
11149
11713
5416
9036
6025
21951
7046
1543
17010
21685
19437
16302
7779
18468
19011
3402
2232
12648
19359
11561
1188
59
6875
20251
19752
8822
18610
15249
13631
20396
16669
21653
4483
6337
10399
14375
18622
11802
308
16099
3213
21678
9557
11627
3228
6694
18712
1720
1238
7841
21813
11895
13200
14896
8455
15306
12046
15378
20283
14664
18987
2235
10009
7807
3217
10909
2329
20209
7079
3050
12480
4701
3513
20576
20785
16506
12635
14137
5589
21624
11370
4659
15621
8326
2388
155
6349
13463
13495
17943
4932
6647
19600
11530
2667
2601
2145
10276
14462
5296
15409
3499
8679
16873
21150
398
889
17141
12567
8674
10642
7495
16976
6936
21397
14212
2582
3168
5438
11663
14211
9363
1187
841
1681
21828
8522
13627
18489
4964
10499
4255
20219
3315
438
6706
7925
4502
225
21293
10714
13041
6696
14156
10257
4679
4484
9996
8814
12531
426
1643
19335
15395
2537
15317
12068
5457
1958
15779
4696
17926
13128
10161
15377
21621
18144
15645
3224
20215
641
813
14699
5992
15707
6824
16114
22086
20096
20000
10346
18808
20866
15968
18199
12645
13145
18185
11251
20256
10454
12311
7961
7263
17036
1797
83
19309
21477
8622
1805
16017
4792
4938
17319
8537
2276
12794
9989
6261
10783
19689
9521
22177
2631
11971
10942
19457
8993
13437
10830
13685
20257
3335
16514
13591
2819
16354
5111
13067
21619
14663
4033
699
12155
12606
16966
21971
18569
19150
2615
4992
13405
20579
4912
21635
20418
21789
7502
8185
8130
4300
12673
14031
5489
16513
270
5388
3510
912
8702
16128
20430
6749
5944
6386
1532
22043
2424
11126
19685
8931
11983
21073
17690
14059
7792
5077
19711
4642
2914
18297
17682
13972
753
301
9675
20234
4520
13904
18027
8177
9784
10618
12672
1810
5951
6183
3563
11998
15312
13339
13371
2025
14464
18786
15197
3418
16169
1190
3514
9922
20077
16470
6424
12774
20743
7051
808
20883
6550
2271
17962
18759
19537
15452
12615
2695
1391
1147
13558
8407
4593
21036
13441
9528
8084
16922
10044
4127
10707
8481
21382
17017
20967
4425
15084
15240
18944
1307
9358
8006
13102
5191
8506
9939
8280
4106
2903
6474
18648
2664
20770
13134
8777
559
9597
9014
6483
12306
16724
2243
11640
4316
21981
15669
17706
3541
835
7352
10693
15371
20859
18055
18452
20339
12040
21688
3542
1570
2086
16846
20333
5412
4477
19382
12362
13939
19287
11923
10343
12763
20438
6850
13687
16261
1413
1592
2362
3787
12541
14140
10757
12995
8578
21733
21901
6586
9995
7270
5126
19612
9627
3146
4534
19108
20917
21880
8478
13089
23
21674
20658
17281
15053
2921
10416
20781
5858
1489
4389
11520
12767
64
3218
1210
18428
17738
14193
4996
20389
518
15085
20829
6760
21716
15623
11007
21681
2393
11429
20346
14236
4146
13977
11963
18244
5928
2892
16695
9549
19318
10811
5037
20349
4566
7555
9907
13430
6928
6614
8336
4421
14892
18335
8157
21742
15195
18221
11941
18731
18467
1220
3803
3764
4812
19315
218
3004
6689
18806
20899
7688
13888
17919
2028
8815
16515
16993
2019
20761
6229
152
17364
1821
20788
8935
2556
144
1152
10785
9267
14468
4080
14915
4467
6262
18243
22018
17565
3193
18570
1520
3840
13597
13602
7399
5873
15530
2520
20343
3705
12183
11511
10962
18672
20164
19005
16406
19394
18594
8745
19826
16651
17383
697
21332
7588
18481
15460
19186
10864
3322
4607
10330
16156
9168
13454
4739
244
2656
17197
1770
17124
10994
6519
17301
885
6581
17137
10628
19148
8502
17613
12876
15612
16927
14848
11639
16877
16619
4913
2177
17069
16393
20868
3074
20918
16383
17396
18557
5260
629
7284
22000
17119
10633
14552
14082
17543
21183
15605
7914
18369
17800
19630
4024
13351
517
15057
444
15043
19586
21056
5494
11994
15163
16220
8499
8601
11022
6952
19822
15247
11619
4704
20455
22
9574
8863
7451
17161
9052
13384
8937
2133
16776
19651
11318
6112
13833
3664
4683
14417
6831
13973
6807
20007
11328
19513
806
18315
5392
21478
6010
18348
1408
19218
8952
12994
11084
18281
202
7992
19512
4306
14604
3198
5581
10090
21890
19570
14679
15267
22141
20505
7900
12445
3797
1814
245
4016
10116
5904
12048
18233
9953
4834
19907
16813
20607
2542
3831
19244
19619
1537
21513
18888
11533
7608
17445
15076
13302
1800
729
3851
2217
2559
10082
2707
12322
2203
3938
18605
11797
19526
11965
14206
19904
9705
12269
20796
12000
1350
10026
16154
8008
19204
3522
21475
3973
15004
18411
6661
7968
16666
1944
19170
223
22181
10963
7816
14526
5188
4084
20331
16622
2231
5729
17330
12151
707
12107
10898
1351
17845
4978
10158
21474
1439
938
12736
6611
20274
5100
18120
12275
18696
12540
3829
15991
12612
18140
11052
12415
12916
22149
16824
20524
17096
5736
20512
7752
18810
20495
17058
16560
6501
18276
21888
10554
6214
13056
18874
21952
17984
14273
18551
12947
8929
3611
17342
21449
10180
395
3616
9610
15421
12156
2293
12369
21100
21953
10538
20923
10436
6966
4142
6633
2209
11333
11379
1375
3684
21979
21044
6777
13577
13974
154
18021
6012
8086
6707
4774
20654
8136
13733
14565
20662
8559
5205
7810
14200
9006
2103
18136
19162
4769
14809
3302
7017
20547
16683
16170
10884
102
718
13358
18656
6943
13810
7168
19423
10553
9321
4644
12397
16576
19205
15292
409
4334
15218
20902
3543
12861
17209
9804
1158
18313
9759
11589
16578
20472
17038
3202
11494
19160
8142
12392
18959
15068
14427
7423
4399
18031
18628
5347
2410
16501
4926
773
14776
13033
719
21117
1983
15127
21182
19749
12034
1697
21346
17932
2110
2565
171
10843
16552
13279
1845
14939
6900
1194
15846
18951
2787
2485
18984
1168
1512
20442
20784
344
6079
8687
14311
5864
2583
3539
17840
20195
8009
13257
9998
13514
19707
5562
1347
19669
21717
5020
2098
19266
3595
18267
18133
9896
10280
4437
658
10288
7998
16654
20929
7212
145
4263
11652
8268
14755
5768
15632
6394
18028
12863
11322
10778
13759
4119
9356
13839
5105
21007
5071
1130
4649
20546
5283
14815
14583
22050
17081
20024
13903
12278
6924
7954
13340
12857
18611
2728
18512
2472
18901
11990
17589
12564
13080
11405
12720
12168
9018
1042
9898
10325
785
4352
99
21347
15282
12004
18655
6042
3950
15126
20075
14686
3412
10704
9176
9440
15370
16459
3063
16963
2952
16391
4656
12576
16904
21273
4655
21271
18882
21908
18222
19083
15416
7225
2533
21237
18469
19368
16240
16865
21050
880
13748
9781
21176
19611
7511
16094
3497
16817
7098
19650
6057
7401
11969
667
4693
13837
3515
14108
21917
19156
19687
18494
8587
675
7879
5557
186
15457
8653
9532
1361
5623
15386
18458
13486
15824
1758
671
13103
15193
17674
28
15861
20689
10354
18879
6158
8879
3175
11175
3090
19157
20690
15346
1885
16667
13983
14142
8606
12819
17534
7626
17178
14518
3117
13585
18637
7258
18216
20850
6906
12224
7262
12588
15070
13512
7703
8189
8132
12096
14702
8757
15849
9492
8025
1749
1524
21864
7130
14152
6998
18823
11122
12800
16058
9825
12889
1903
16939
4011
14808
14349
11254
21143
5298
13400
14438
7633
13693
16884
14113
1828
15050
3632
12449
14387
15902
2841
3699
5199
13507
3147
13761
13323
9365
16210
21877
4729
153
7652
11476
20254
12964
1735
16379
706
10377
5287
22216
2080
15675
5455
17216
11543
19424
15597
5732
13281
11324
20889
20101
14144
21318
2208
16481
12194
6297
16888
9394
10048
9183
10171
5565
13734
174
7044
7808
16305
16049
21341
20076
5039
1716
6746
664
20535
17418
1535
20862
4344
19726
3304
6250
918
16063
167
12160
12952
18909
6826
11582
12390
17359
1196
10468
3670
492
9876
8444
18961
10523
20719
6715
2676
21370
17810
7982
20475
18642
19432
14270
9074
8849
19483
12902
5616
7484
19215
14158
21071
18214
726
10965
3365
17916
5702
5332
20296
4551
20704
5345
20370
15735
7353
3736
0
4698
21434
9436
8259
9215
2634
13304
11158
6739
7109
732
12109
15002
11860
3959
21570
14100
12862
5081
14796
20121
5841
8963
16690
12288
6086
21437
10182
402
1062
17140
17746
19957
10488
6255
4857
16283
4056
235
11046
11345
4159
10916
3350
12599
11710
10359
16609
4582
15948
14109
7209
9104
11612
8474
7040
14096
9417
13061
21651
4837
18911
109
5649
20200
7224
12849
20005
8846
2182
18492
4049
20808
21976
11894
14077
10561
18740
7793
2515
4031
10149
16751
7297
17261
429
10394
8367
338
16714
7711
21784
9142
14241
10493
11174
17428
19441
10789
18638
9631
11547
762
17716
11449
931
6673
13862
13971
12407
6937
11817
16898
19655
16372
13542
17531
5774
18068
17076
13165
18842
5366
9966
5166
17470
17186
11008
22069
21613
141
2950
9295
12745
20071
12423
5469
19221
1097
19236
10573
6300
20246
7454
8656
12506
4503
6062
9123
1451
4810
2575
21247
15096
13252
19966
17257
6212
8317
16468
15678
12478
8682
11730
2925
2851
11831
7508
14112
20434
1894
15020
12575
14601
2530
8013
601
4177
20057
17752
5073
1239
2774
20849
12366
7964
5720
17809
2286
9220
2823
2428
6561
10829
16787
3777
3123
3464
4730
500
16494
7577
8354
12383
8531
11839
12833
5659
11194
10302
18392
10878
2600
89
20589
5847
18599
10189
18507
9247
18344
14996
2722
9471
14280
14683
2264
16331
17676
13841
15714
4160
7878
6493
18174
20220
8030
1406
3379
21669
10857
14932
7765
116
5705
15960
5525
20992
14207
14250
11140
16239
13108
21121
17097
12895
7534
17631
14771
20485
103
13918
21028
16854
5418
19072
21868
8483
2645
748
157
5972
10897
3759
17891
11352
6558
18634
17983
14522
13256
13391
12730
6967
19985
2933
6913
19280
3765
10570
15446
2002
6103
16701
10268
15878
21200
12153
10660
8992
11818
8487
8425
4180
7987
19103
14310
480
7232
15899
21903
16849
93
20756
14032
1956
21725
10784
18640
1274
21707
4974
15663
13025
19646
4104
13426
10571
6033
21052
9091
17016
16070
6139
6731
10306
17044
21919
1580
18912
15912
14475
7893
17692
1858
17494
12333
13964
5003
5235
10501
11539
12010
1136
20663
4132
13247
7416
8074
20089
9385
11351
13664
19827
14842
4776
14528
12961
15554
6115
1660
14343
1019
5952
19399
3889
15109
15603
11805
21235
2747
13859
8176
9158
16059
16216
20667
8586
19402
17628
15543
14805
16400
5835
13867
20637
2131
3459
7948
5357
12175
14992
4365
1156
15818
15876
9512
19721
929
16453
20058
16699
12379
21113
5899
5221
12312
13479
2116
19445
10309
21489
2252
10125
18707
3076
12214
19804
7891
19325
6152
4552
15428
5827
10076
7433
10976
8750
20913
21219
3806
14590
12885
8237
12548
4869
14742
11212
11880
17713
15273
18465
6989
20187
15768
18076
5282
16068
6244
9527
8684
2113
9870
10272
2030
8764
8290
14629
19544
13163
2956
14188
11832
6867
18328
15969
20590
1640
12335
6052
21192
3266
4231
2462
7028
15510
21977
1000
13265
21243
9852
10294
7081
14597
10100
11545
303
8183
16912
20530
10374
22096
17831
17514
9118
2120
1112
3362
2421
11096
550
7259
3635
10833
8783
5338
19821
13194
14791
8167
11213
11133
1672
2976
9506
4364
3419
13107
18917
22142
8924
328
16119
14429
16785
20035
10649
13594
15465
642
14532
18037
7740
14088
12753
3686
16788
14132
3283
15177
6935
20706
15713
11757
21443
17650
15812
1565
3534
1642
5596
4888
9107
7281
15495
6382
8377
9848
11691
19412
16948
14956
21876
13604
12304
5074
15811
11692
3975
15143
14934
14396
14513
16318
5651
20226
20404
20740
13944
5554
7426
17338
20327
17860
5982
5495
3814
9575
4685
18739
8730
12043
14965
20799
2026
8298
14613
7770
7623
11284
4846
6388
14538
122
18006
1899
14872
14922
12360
22186
11355
4355
5363
20990
4723
16437
21719
2154
22055
1711
9178
19224
5339
1228
21110
18073
13501
20328
9518
14657
18409
14870
3376
8605
16821
6245
1480
8498
13010
20100
15156
20563
9032
18627
10517
21639
4806
9846
21655
10949
7941
6417
11587
3861
15041
5124
12145
17981
7714
13609
511
7023
11335
3277
698
15154
3642
11490
17569
4576
17704
15357
494
2295
2429
5419
3643
6514
15231
13869
8225
17362
19045
19746
10966
8820
5797
18856
15220
1399
19872
5450
10229
9819
6495
10250
10736
21891
11588
14357
192
15666
13526
4977
8324
1326
17455
21000
6054
9629
10947
20670
14421
15092
9977
18209
15593
22212
14722
1068
18093
4130
3400
21043
2510
21910
15150
4279
9288
13677
18012
4258
21429
6601
203
571
6710
19173
13715
3359
16342
921
2476
21060
4583
20865
2558
1502
10115
16100
5334
19371
2163
13891
7663
11819
20263
6797
16006
8357
16797
53
17572
18163
1171
7289
5411
13781
15705
24
5204
15284
2495
6912
11635
3824
1004
10907
18092
19500
18324
19504
11911
5246
19758
476
8953
13506
12105
7085
15916
21887
9768
17770
15077
20611
8867
14678
20471
7722
11249
19774
16621
19841
6811
19262
4266
18652
14115
269
3839
16637
8840
1416
505
12930
3695
11966
7032
4101
18591
16490
18914
4993
15562
5200
9533
16197
12742
3700
4013
2900
1139
9647
12272
4757
15354
19250
18942
4453
16727
4630
9531
7050
9606
9283
7782
21550
21439
14111
514
19328
5103
21140
18822
10052
1835
14324
16373
5850
19091
10877
15161
3368
9713
11912
8152
10342
12158
21498
15387
14381
8623
21209
4406
17771
5397
21991
2422
21822
6592
7339
18442
19674
2924
345
15871
21315
5047
21311
4667
9419
3902
19580
11017
10680
1159
10058
16047
14398
5833
20878
4332
19676
2996
11097
22133
8869
13377
19384
20467
16301
17000
5394
7128
8121
1425
16371
4759
9753
4736
10274
17910
184
9508
17989
18192
12301
20488
17873
10006
4880
9741
20895
7437
19885
643
143
16145
14073
20705
9166
8938
9151
21354
5964
10895
5901
21225
14277
14341
13403
1254
6350
1359
17795
11106
13785
21611
16665
19117
16273
19604
21246
2861
10074
11195
16020
114
12284
15951
17744
6680
14940
13809
6846
20011
1767
13196
7166
15941
21531
6215
21221
19833
4293
631
19530
8151
2266
10458
8057
3992
14592
14775
17586
7381
6972
22165
18149
12192
1069
17541
439
3888
14220
11641
19429
16076
6922
6000
15746
9150
6246
13415
9311
17859
14853
8144
13745
15992
3244
16430
8925
1378
14753
13438
17553
13661
10995
3997
11439
5180
11436
5825
15351
16160
11556
8158
6116
17793
9930
6439
8012
10002
19812
19615
2181
17587
15219
5690
15348
19637
2122
16123
12459
13346
15765
4451
15752
19062
8218
17618
3048
12216
627
9182
17171
20410
8767
16635
5267
3047
12739
949
4924
20572
3207
21928
13873
16380
20184
4240
2599
12481
13230
10747
11551
6859
18659
3790
8296
9443
6659
16691
15298
20624
18846
15886
14784
10018
9088
11327
183
16077
8856
14708
5371
12710
98
11723
11136
14300
4416
3181
2284
8164
14573
15641
8382
757
9551
21153
846
14087
11504
21169
13322
20733
2951
1053
6837
8468
21948
17558
17539
18260
8155
111
20143
12277
15996
212
14420
2229
17499
16066
21830
15447
15550
17667
6268
196
2372
22075
11570
18632
7268
8285
3151
20976
20329
7836
7757
5393
2375
9740
8515
194
219
1373
15631
19737
20754
17554
8277
9279
21401
16979
14340
709
14240
8834
19839
7662
9455
5897
20037
21512
17292
15118
16280
11743
18310
10837
2474
3877
16704
474
960
16048
18198
16431
14575
4936
14595
8325
21826
16756
17867
22061
16188
11835
12208
5072
4066
5435
11970
16726
561
9186
9396
16462
12504
13172
6877
15503
21190
20449
2031
5640
7915
17668
1500
17957
12266
11113
1719
4724
933
1185
3835
19486
13445
18251
6434
6721
6896
16408
10320
5097
17150
9167
10197
10459
3136
11687
13605
966
2112
19159
1482
14377
5638
6631
14171
17992
16681
14841
15634
17323
991
17474
5949
3991
10201
10185
2965
16557
8204
11630
15794
8227
9887
1650
7499
2287
15732
18571
8782
22227
18094
9730
3715
689
4222
21119
20568
14488
908
978
13013
15680
6480
5609
19333
2119
5804
9929
10347
15688
13635
8408
16567
3259
5241
9744
2884
18456
5821
11495
20318
2837
21436
18538
15114
15862
2010
6087
2980
17275
15059
1662
18500
13796
16650
807
12243
4464
10298
8434
4836
1505
19192
4979
7505
2657
7527
6554
21109
14039
18042
12936
17609
10261
11852
3072
11006
4105
10265
19767
1015
5758
12036
3385
8732
7628
13308
8253
15182
20957
15699
1395
18017
5866
9242
9360
2871
11988
3969
173
13948
4245
1806
5831
20927
12528
18195
12658
6844
20269
3034
3137
11216
5467
9992
14568
6775
13472
15576
20764
9108
8729
11176
9452
21080
11507
13362
9917
1348
19140
14757
5558
17298
4935
18743
7634
11849
17235
19004
15396
2970
11562
623
18266
2
6727
6449
16907
10319
6517
18289
18062
4257
5057
8128
21591
13773
6645
14891
7307
5301
2930
15892
3683
6510
5896
1974
12060
5665
20545
13564
14652
1964
20499
16789
10273
15458
15232
13177
12686
1525
12968
4351
10427
9862
9912
8947
8055
13408
2488
1652
17217
9083
19015
12634
4018
3767
16863
8165
5377
10911
5293
942
15585
3231
1211
15720
8416
10661
9794
16161
17336
14283
13169
14373
11748
18603
